"Date:20221028 Time:13304537 Average:1 IntegrTime:0.210000 Instrum:CCS100"
XY 3648
321.491425 3.041266e-003
321.599548 6.197841e-004
321.707672 4.548515e-003
321.815796 -1.801698e-003
321.923920 -2.450309e-004
322.032043 -8.380469e-004
322.140198 2.621213e-003
322.248322 -2.264992e-005
322.356476 2.423541e-003
322.464630 4.962391e-004
322.572784 7.340632e-003
322.680939 2.077615e-003
322.789124 2.324705e-003
322.897278 1.256041e-004
323.005463 3.090684e-003
323.113647 5.950751e-004
323.221832 -1.505190e-003
323.330017 3.782536e-003
323.438232 3.658991e-003
323.546417 4.962391e-004
323.654633 -3.438669e-004
323.762848 1.558726e-003
323.871063 1.731689e-003
323.979279 2.472959e-003
324.087494 1.929361e-003
324.195740 3.584864e-003
324.303955 1.583435e-003
324.412201 5.536875e-003
324.520447 2.843594e-003
324.628693 -4.735892e-005
324.736969 -4.921209e-004
324.845215 2.201160e-003
324.953491 1.657562e-003
325.061737 2.398832e-003
325.170013 4.276716e-003
325.278290 1.657562e-003
325.386597 4.721478e-003
325.494873 2.059083e-006
325.603180 1.212800e-003
325.711456 7.927471e-004
325.819763 3.387192e-003
325.928070 1.336345e-003
326.036407 1.503131e-004
326.144714 3.683700e-003
326.253021 1.756398e-003
326.361359 1.163382e-003
326.469696 2.769467e-003
326.578033 3.974031e-004
326.686371 2.769467e-003
326.794708 1.558726e-003
326.903076 1.237509e-003
327.011444 6.939111e-004
327.119781 2.077615e-003
327.228149 1.558726e-003
327.336517 1.212800e-003
327.444916 3.090684e-003
327.553284 -9.863009e-004
327.661682 3.856663e-003
327.770081 1.632853e-003
327.878448 4.326134e-003
327.986877 -4.427029e-004
328.095276 -4.427029e-004
328.203674 3.337774e-003
328.312103 1.879943e-003
328.420502 6.197841e-004
328.528931 -2.641804e-003
328.637360 -1.035719e-003
328.745789 1.089255e-003
328.854248 1.015128e-003
328.962677 7.927471e-004
329.071136 5.703661e-004
329.179596 2.003488e-003
329.288055 -2.987730e-003
329.396515 8.915831e-004
329.504974 3.164811e-003
329.613464 2.201160e-003
329.721924 3.930790e-003
329.830414 1.039837e-003
329.938904 3.461319e-003
330.047394 9.904191e-004
330.155884 9.904191e-004
330.264404 1.336345e-003
330.372894 5.289785e-003
330.481415 1.262218e-003
330.589935 1.682271e-003
330.698456 4.468211e-004
330.806976 2.176451e-003
330.915497 2.547086e-003
331.024048 2.967139e-003
331.132568 -8.380469e-004
331.241119 1.657562e-003
331.349670 9.162921e-004
331.458221 2.324705e-003
331.566803 1.237509e-003
331.675354 4.499097e-003
331.783936 6.692021e-004
331.892487 1.632853e-003
332.001068 1.113964e-003
332.109650 2.028197e-003
332.218262 1.163382e-003
332.326843 8.668741e-004
332.435455 1.657562e-003
332.544037 3.757827e-003
332.652649 -9.677692e-005
332.761261 5.703661e-004
332.869873 2.003488e-003
332.978516 5.147708e-005
333.087128 -5.415389e-004
333.195770 2.324705e-003
333.304413 -1.702862e-003
333.413055 1.113964e-003
333.521698 -1.035719e-003
333.630341 3.288356e-003
333.738983 1.311636e-003
333.847656 1.879943e-003
333.956329 2.843594e-003
334.065002 1.830525e-003
334.173676 3.337774e-003
334.282349 3.016557e-003
334.391022 2.967139e-003
334.499725 3.906081e-003
334.608398 7.618609e-005
334.717102 1.781107e-003
334.825806 2.917721e-003
334.934509 5.536875e-003
335.043243 1.138673e-003
335.151947 2.491491e-004
335.260681 2.398832e-003
335.369415 1.459890e-003
335.478149 4.424970e-003
335.586884 2.052906e-003
335.695618 7.680381e-004
335.804352 3.974031e-004
335.913116 8.915831e-004
336.021881 1.262218e-003
336.130615 1.534017e-003
336.239380 1.237509e-003
336.348175 1.954070e-003
336.456940 4.597933e-003
336.565735 1.558726e-003
336.674500 1.138673e-003
336.783295 -2.320587e-003
336.892090 1.731689e-003
337.000885 -5.909569e-004
337.109680 -6.156659e-004
337.218506 2.059083e-006
337.327301 1.929361e-003
337.436127 2.547086e-003
337.544952 2.670631e-003
337.653778 1.361054e-003
337.762604 2.349414e-003
337.871460 2.497668e-003
337.980286 7.927471e-004
338.089142 1.336345e-003
338.197998 2.423541e-003
338.306854 2.621213e-003
338.415710 3.115393e-003
338.524567 -3.191579e-004
338.633453 3.560155e-003
338.742310 2.201160e-003
338.851196 9.657101e-004
338.960083 2.645922e-003
339.068970 1.188091e-003
339.177856 -1.709039e-004
339.286774 9.904191e-004
339.395660 3.708409e-003
339.504578 -7.392109e-004
339.613495 2.497668e-003
339.722412 2.059083e-006
339.831329 -1.925243e-003
339.940247 2.127033e-003
340.049194 4.962391e-004
340.158112 1.459890e-003
340.267059 1.855234e-003
340.376007 4.523806e-003
340.484955 2.225869e-003
340.593903 2.250578e-003
340.702881 -1.480481e-003
340.811829 1.929361e-003
340.920807 -6.403749e-004
341.029785 2.028197e-003
341.138763 -1.159264e-003
341.247742 5.092113e-003
341.356750 3.726941e-004
341.465729 1.089255e-003
341.574738 8.174561e-004
341.683716 4.301425e-003
341.792725 -1.875825e-003
341.901733 1.509308e-003
342.010773 2.244401e-004
342.119781 1.311636e-003
342.228821 1.089255e-003
342.337830 4.153171e-003
342.446869 9.162921e-004
342.555908 6.197841e-004
342.664978 -1.974661e-003
342.774017 1.855234e-003
342.883057 2.695340e-003
342.992126 1.385763e-003
343.101196 1.830525e-003
343.210266 2.003488e-003
343.319336 2.497668e-003
343.428406 1.262218e-003
343.537506 -8.874649e-004
343.646576 6.197841e-004
343.755676 3.609573e-003
343.864777 5.456571e-004
343.973877 2.868303e-003
344.082977 2.151742e-003
344.192078 -4.921209e-004
344.301208 2.250578e-003
344.410339 2.942430e-003
344.519440 1.978779e-003
344.628571 1.089255e-003
344.737701 4.202589e-003
344.846863 2.491491e-004
344.955994 -1.461949e-004
345.065155 4.468211e-004
345.174286 1.064546e-003
345.283447 1.558726e-003
345.392609 1.039837e-003
345.501770 6.197841e-004
345.610962 2.942430e-003
345.720123 1.435181e-003
345.829315 1.311636e-003
345.938507 1.361054e-003
346.047699 3.411901e-003
346.156891 3.090684e-003
346.266083 1.336345e-003
346.375305 1.855234e-003
346.484497 -1.709039e-004
346.593719 8.174561e-004
346.702942 3.041266e-003
346.812164 1.459890e-003
346.921387 4.715301e-004
347.030609 -2.450309e-004
347.139862 1.385763e-003
347.249084 5.703661e-004
347.358337 6.895870e-003
347.467590 2.398832e-003
347.576843 4.499097e-003
347.686096 1.015128e-003
347.795380 3.930790e-003
347.904633 3.189520e-003
348.013916 3.708409e-003
348.123199 -6.897929e-004
348.232483 5.981637e-003
348.341766 9.657101e-004
348.451050 7.618609e-005
348.560364 -4.674119e-004
348.669678 -9.121739e-004
348.778961 2.423541e-003
348.888275 2.491491e-004
348.997589 6.444931e-004
349.106934 -7.392109e-004
349.216248 5.456571e-004
349.325562 3.584864e-003
349.434906 9.410011e-004
349.544250 5.808674e-003
349.653595 2.151742e-003
349.762939 1.608144e-003
349.872284 1.311636e-003
349.981659 5.456571e-004
350.091003 1.756398e-003
350.200378 7.927471e-004
350.309753 2.670631e-003
350.419128 3.634282e-003
350.528503 2.547086e-003
350.637909 1.089255e-003
350.747284 4.696769e-003
350.856689 2.843594e-003
350.966095 2.250578e-003
351.075500 3.479851e-004
351.184906 1.805816e-003
351.294312 1.978779e-003
351.403748 2.868303e-003
351.513153 -2.697399e-004
351.622589 7.927471e-004
351.732025 3.733118e-003
351.841461 -1.461949e-004
351.950897 2.571795e-003
352.060333 2.059083e-006
352.169800 2.151742e-003
352.279236 3.980208e-003
352.388702 6.939111e-004
352.498169 5.240367e-003
352.607635 -4.427029e-004
352.717102 4.795605e-003
352.826599 3.906081e-003
352.936066 5.209481e-004
353.045563 5.660420e-003
353.155060 -6.650839e-004
353.264557 1.756398e-003
353.374054 3.486028e-003
353.483551 -6.650839e-004
353.593079 2.985671e-004
353.702576 2.275287e-003
353.812103 4.715301e-004
353.921631 1.632853e-003
354.031158 1.756398e-003
354.140686 8.915831e-004
354.250244 -1.505190e-003
354.359772 2.398832e-003
354.469330 -9.615919e-004
354.578888 3.387192e-003
354.688446 4.301425e-003
354.798004 9.410011e-004
354.907562 7.680381e-004
355.017120 1.435181e-003
355.126709 2.176451e-003
355.236298 5.289785e-003
355.345886 -1.480481e-003
355.455475 1.459890e-003
355.565063 1.385763e-003
355.674652 2.059083e-006
355.784271 5.456571e-004
355.893860 -5.909569e-004
356.003479 -2.944489e-004
356.113098 2.028197e-003
356.222717 5.512166e-003
356.332336 1.503131e-004
356.441986 1.311636e-003
356.551605 1.855234e-003
356.661255 1.385763e-003
356.770905 2.720049e-003
356.880524 1.410472e-003
356.990204 7.680381e-004
357.099854 1.008951e-004
357.209503 -2.450309e-004
357.319183 -8.874649e-004
357.428864 3.065975e-003
357.538513 -6.650839e-004
357.648193 9.410011e-004
357.757904 1.756398e-003
357.867584 2.077615e-003
357.977264 -7.639199e-004
358.086975 4.350843e-003
358.196686 -8.133379e-004
358.306396 2.151742e-003
358.416107 6.197841e-004
358.525818 2.769467e-003
358.635529 1.361054e-003
358.745270 3.090684e-003
358.855011 -4.921209e-004
358.964722 1.997311e-004
359.074463 3.313065e-003
359.184204 2.676808e-005
359.293976 -1.134555e-003
359.403717 -4.921209e-004
359.513489 -9.677692e-005
359.623230 5.536875e-003
359.733002 3.189520e-003
359.842773 1.904652e-003
359.952545 1.064546e-003
360.062347 2.028197e-003
360.172119 2.744758e-003
360.281921 1.929361e-003
360.391724 2.244401e-004
360.501495 2.472959e-003
360.611298 4.962391e-004
360.721130 -3.438669e-004
360.830933 1.113964e-003
360.940765 1.484599e-003
361.050568 -5.415389e-004
361.160400 1.435181e-003
361.270233 9.904191e-004
361.380066 1.997311e-004
361.489899 2.244401e-004
361.599762 4.548515e-003
361.709595 3.041266e-003
361.819458 3.238938e-003
361.929321 6.692021e-004
362.039185 -1.214859e-004
362.149048 4.573224e-003
362.258911 1.830525e-003
362.368805 1.286927e-003
362.478668 1.163382e-003
362.588562 -9.863009e-004
362.698456 2.448250e-003
362.808350 7.186201e-004
362.918243 -8.133379e-004
363.028137 6.939111e-004
363.138062 3.584864e-003
363.247955 3.782536e-003
363.357880 -6.156659e-004
363.467804 1.954070e-003
363.577728 9.162921e-004
363.687653 1.756398e-003
363.797607 2.374123e-003
363.907532 1.879943e-003
364.017487 6.444931e-004
364.127441 -1.709039e-004
364.237396 2.472959e-003
364.347351 1.410472e-003
364.457306 2.769467e-003
364.567261 2.250578e-003
364.677246 -2.450309e-004
364.787231 2.497668e-003
364.897186 2.127033e-003
365.007172 3.461319e-003
365.117157 2.868303e-003
365.227173 2.472959e-003
365.337158 2.818885e-003
365.447174 2.052906e-003
365.557159 9.162921e-004
365.667175 2.201160e-003
365.777191 1.138673e-003
365.887238 1.089255e-003
365.997253 2.695340e-003
366.107269 4.715301e-004
366.217316 -1.233391e-003
366.327362 3.658991e-003
366.437408 2.522377e-003
366.547455 -8.380469e-004
366.657501 4.943859e-003
366.767548 1.286927e-003
366.877625 2.472959e-003
366.987671 2.299996e-003
367.097748 4.468211e-004
367.207825 4.128462e-003
367.317902 1.978779e-003
367.427979 -1.035719e-003
367.538086 1.558726e-003
367.648163 -1.134555e-003
367.758270 4.004917e-003
367.868378 2.398832e-003
367.978485 4.449679e-003
368.088593 1.632853e-003
368.198700 1.311636e-003
368.308807 -7.206792e-005
368.418945 5.147708e-005
368.529083 8.174561e-004
368.639191 9.410011e-004
368.749329 1.435181e-003
368.859497 1.064546e-003
368.969635 -1.282809e-003
369.079773 1.879943e-003
369.189941 2.028197e-003
369.300110 3.535446e-003
369.410248 2.472959e-003
369.520416 1.756398e-003
369.630615 1.583435e-003
369.740784 8.915831e-004
369.850952 1.336345e-003
369.961151 9.904191e-004
370.071350 2.398832e-003
370.181549 2.448250e-003
370.291748 1.015128e-003
370.401947 9.410011e-004
370.512146 2.942430e-003
370.622375 1.657562e-003
370.732574 3.658991e-003
370.842804 9.657101e-004
370.953033 3.065975e-003
371.063263 3.041266e-003
371.173492 2.893012e-003
371.283752 3.733118e-003
371.393982 1.361054e-003
371.504242 -3.932849e-004
371.614471 7.927471e-004
371.724731 1.459890e-003
371.834991 3.189520e-003
371.945282 4.128462e-003
372.055542 1.706980e-003
372.165833 4.079044e-003
372.276093 -5.168299e-004
372.386383 1.954070e-003
372.496674 1.608144e-003
372.606964 -3.438669e-004
372.717255 4.177880e-003
372.827576 1.237509e-003
372.937866 1.262218e-003
373.048187 2.127033e-003
373.158508 7.680381e-004
373.268829 2.127033e-003
373.379150 1.682271e-003
373.489471 2.720049e-003
373.599823 -1.604026e-003
373.710144 3.479851e-004
373.820496 3.609573e-003
373.930847 5.703661e-004
374.041199 2.127033e-003
374.151550 2.670631e-003
374.261902 -5.909569e-004
374.372253 6.444931e-004
374.482635 3.140102e-003
374.593018 4.449679e-003
374.703400 1.929361e-003
374.813782 2.028197e-003
374.924164 1.583435e-003
375.034546 -1.702862e-003
375.144928 -2.944489e-004
375.255341 3.214229e-003
375.365753 1.435181e-003
375.476166 2.102324e-003
375.586578 5.950751e-004
375.696991 2.738581e-004
375.807404 1.212800e-003
375.917816 -1.900534e-003
376.028259 1.503131e-004
376.138702 3.189520e-003
376.249146 -7.392109e-004
376.359589 5.703661e-004
376.470032 1.256041e-004
376.580475 8.421651e-004
376.690948 1.929361e-003
376.801392 1.731689e-003
376.911865 1.997311e-004
377.022339 1.830525e-003
377.132813 2.571795e-003
377.243286 1.459890e-003
377.353760 2.250578e-003
377.464264 2.621213e-003
377.574738 6.197841e-004
377.685242 -5.415389e-004
377.795746 2.028197e-003
377.906250 1.064546e-003
378.016754 1.509308e-003
378.127289 3.560155e-003
378.237793 8.915831e-004
378.348328 -5.415389e-004
378.458862 1.311636e-003
378.569366 3.479851e-004
378.679932 1.237509e-003
378.790466 -4.735892e-005
378.901001 -1.183973e-003
379.011566 1.657562e-003
379.122101 2.077615e-003
379.232666 4.004917e-003
379.343231 3.232761e-004
379.453796 1.015128e-003
379.564362 5.147708e-005
379.674927 2.003488e-003
379.785522 2.942430e-003
379.896118 1.954070e-003
380.006683 2.151742e-003
380.117279 3.387192e-003
380.227875 2.491491e-004
380.338470 3.016557e-003
380.449097 -6.156659e-004
380.559692 -1.134555e-003
380.670319 3.041266e-003
380.780945 1.503131e-004
380.891571 2.967139e-003
381.002197 1.064546e-003
381.112823 5.950751e-004
381.223450 3.041266e-003
381.334106 -6.156659e-004
381.444733 2.985671e-004
381.555389 5.907510e-003
381.666046 1.830525e-003
381.776703 -2.203219e-004
381.887360 -5.662479e-004
381.998047 1.361054e-003
382.108704 -1.956129e-004
382.219391 -2.450309e-004
382.330048 -3.932849e-004
382.440735 1.039837e-003
382.551422 2.818885e-003
382.662140 3.016557e-003
382.772827 6.197841e-004
382.883514 -2.697399e-004
382.994232 1.997311e-004
383.104950 3.479851e-004
383.215668 1.237509e-003
383.326385 1.484599e-003
383.437103 3.041266e-003
383.547821 3.479851e-004
383.658569 2.374123e-003
383.769287 -4.921209e-004
383.880035 2.818885e-003
383.990784 1.188091e-003
384.101532 8.421651e-004
384.212280 1.256041e-004
384.323059 2.374123e-003
384.433807 1.188091e-003
384.544586 1.682271e-003
384.655365 3.288356e-003
384.766113 1.632853e-003
384.876923 3.140102e-003
384.987701 1.163382e-003
385.098480 5.240367e-003
385.209290 1.879943e-003
385.320068 1.015128e-003
385.430878 1.756398e-003
385.541687 1.361054e-003
385.652496 2.423541e-003
385.763306 -2.024079e-003
385.874115 3.016557e-003
385.984955 1.583435e-003
386.095764 1.015128e-003
386.206604 8.421651e-004
386.317444 2.349414e-003
386.428284 -2.518259e-003
386.539124 9.657101e-004
386.649994 1.008951e-004
386.760834 3.387192e-003
386.871704 5.456571e-004
386.982544 2.621213e-003
387.093414 -2.320587e-003
387.204285 2.491491e-004
387.315155 -1.579317e-003
387.426056 1.534017e-003
387.536926 8.421651e-004
387.647827 -1.060428e-003
387.758698 1.484599e-003
387.869598 7.618609e-005
387.980499 1.805816e-003
388.091400 2.744758e-003
388.202332 8.668741e-004
388.313232 8.174561e-004
388.424164 1.015128e-003
388.535065 -7.886289e-004
388.645996 -1.307518e-003
388.756927 4.548515e-003
388.867859 9.410011e-004
388.978821 9.904191e-004
389.089752 -7.639199e-004
389.200714 2.818885e-003
389.311646 -1.752280e-003
389.422607 3.930790e-003
389.533569 7.186201e-004
389.644531 2.942430e-003
389.755493 -9.677692e-005
389.866486 5.950751e-004
389.977448 1.064546e-003
390.088440 3.757827e-003
390.199432 -1.183973e-003
390.310425 6.197841e-004
390.421417 1.706980e-003
390.532410 2.299996e-003
390.643433 -2.944489e-004
390.754425 5.209481e-004
390.865448 1.978779e-003
390.976440 2.052906e-003
391.087463 2.818885e-003
391.198517 7.927471e-004
391.309540 1.657562e-003
391.420563 2.917721e-003
391.531616 -8.627559e-004
391.642639 8.668741e-004
391.753693 1.039837e-003
391.864746 2.201160e-003
391.975800 -1.183973e-003
392.086853 2.250578e-003
392.197906 -1.085137e-003
392.308990 1.534017e-003
392.420074 1.385763e-003
392.531128 6.197841e-004
392.642212 4.326134e-003
392.753296 1.435181e-003
392.864380 4.468211e-004
392.975494 1.188091e-003
393.086578 1.311636e-003
393.197693 2.324705e-003
393.308807 -4.674119e-004
393.419891 1.286927e-003
393.531006 4.221121e-004
393.642151 3.634282e-003
393.753265 2.052906e-003
393.864380 1.830525e-003
393.975525 1.484599e-003
394.086670 2.003488e-003
394.197784 1.188091e-003
394.308929 5.561584e-003
394.420105 3.164811e-003
394.531250 1.756398e-003
394.642395 -5.415389e-004
394.753571 5.950751e-004
394.864716 1.855234e-003
394.975891 4.715301e-004
395.087067 5.456571e-004
395.198242 -3.685759e-004
395.309448 2.127033e-003
395.420624 3.535446e-003
395.531799 1.311636e-003
395.643005 1.039837e-003
395.754211 -2.048788e-003
395.865417 2.059083e-006
395.976624 -2.944489e-004
396.087830 1.484599e-003
396.199036 -2.468841e-003
396.310272 2.028197e-003
396.421509 2.472959e-003
396.532715 1.997311e-004
396.643951 4.468211e-004
396.755188 -5.415389e-004
396.866425 -7.886289e-004
396.977692 1.682271e-003
397.088928 -2.098206e-003
397.200195 5.240367e-003
397.311462 7.618609e-005
397.422699 5.116822e-003
397.533966 1.706980e-003
397.645264 -2.697399e-004
397.756531 2.676808e-005
397.867798 1.682271e-003
397.979095 1.904652e-003
398.090363 -1.214859e-004
398.201660 -1.480481e-003
398.312958 2.299996e-003
398.424255 1.978779e-003
398.535583 1.583435e-003
398.646881 4.647351e-003
398.758209 -5.415389e-004
398.869507 2.003488e-003
398.980835 3.362483e-003
399.092163 -9.863009e-004
399.203491 2.985671e-004
399.314819 1.459890e-003
399.426178 4.746187e-003
399.537506 9.410011e-004
399.648865 8.421651e-004
399.760193 1.706980e-003
399.871552 3.831954e-003
399.982910 -2.666513e-003
400.094299 3.974031e-004
400.205658 8.915831e-004
400.317017 1.361054e-003
400.428406 -5.415389e-004
400.539795 2.547086e-003
400.651184 3.288356e-003
400.762573 1.484599e-003
400.873962 1.997311e-004
400.985352 1.558726e-003
401.096741 3.974031e-004
401.208160 8.421651e-004
401.319580 3.609573e-003
401.430969 2.547086e-003
401.542389 3.387192e-003
401.653839 1.410472e-003
401.765259 2.201160e-003
401.876678 -1.554608e-003
401.988129 -2.567677e-003
402.099548 3.980208e-003
402.210999 5.147708e-005
402.322449 3.214229e-003
402.433899 -7.145019e-004
402.545349 1.435181e-003
402.656830 7.186201e-004
402.768280 -3.438669e-004
402.879761 -7.886289e-004
402.991211 1.608144e-003
403.102692 4.054335e-003
403.214172 8.421651e-004
403.325653 3.041266e-003
403.437164 7.927471e-004
403.548645 2.102324e-003
403.660156 2.967139e-003
403.771637 2.324705e-003
403.883148 2.621213e-003
403.994659 2.423541e-003
404.106171 1.879943e-003
404.217712 1.583435e-003
404.329224 -4.427029e-004
404.440735 -6.403749e-004
404.552277 -1.134555e-003
404.663818 -8.380469e-004
404.775360 1.064546e-003
404.886902 3.634282e-003
404.998444 7.433291e-004
405.109985 8.174561e-004
405.221558 2.472959e-003
405.333099 1.237509e-003
405.444672 8.915831e-004
405.556244 2.695340e-003
405.667816 6.692021e-004
405.779388 2.491491e-004
405.890961 8.174561e-004
406.002563 -8.380469e-004
406.114136 3.461319e-003
406.225739 1.385763e-003
406.337341 2.868303e-003
406.448944 1.657562e-003
406.560547 9.410011e-004
406.672150 1.750221e-004
406.783783 1.188091e-003
406.895386 -1.035719e-003
407.007019 -1.461949e-004
407.118622 -1.214859e-004
407.230255 5.456571e-004
407.341888 -4.674119e-004
407.453552 4.715301e-004
407.565186 3.337774e-003
407.676819 3.609573e-003
407.788483 -1.875825e-003
407.900146 1.879943e-003
408.011810 4.221121e-004
408.123474 4.715301e-004
408.235138 -5.662479e-004
408.346802 2.991848e-003
408.458466 7.433291e-004
408.570160 4.400261e-003
408.681854 7.433291e-004
408.793518 7.538304e-003
408.905212 9.410011e-004
409.016907 4.449679e-003
409.128632 -6.897929e-004
409.240326 4.153171e-003
409.352020 -3.438669e-004
409.463745 -2.073497e-003
409.575470 3.115393e-003
409.687195 2.127033e-003
409.798920 5.950751e-004
409.910645 7.186201e-004
410.022369 -1.159264e-003
410.134094 -1.035719e-003
410.245850 3.479851e-004
410.357605 9.410011e-004
410.469330 1.805816e-003
410.581085 3.115393e-003
410.692871 5.209481e-004
410.804626 -1.776989e-003
410.916382 2.225869e-003
411.028168 1.731689e-003
411.139923 -5.662479e-004
411.251709 2.596504e-003
411.363495 2.176451e-003
411.475281 1.361054e-003
411.587067 2.967139e-003
411.698853 1.138673e-003
411.810669 -8.133379e-004
411.922455 1.682271e-003
412.034271 1.558726e-003
412.146088 -9.615919e-004
412.257904 3.560155e-003
412.369720 -1.109846e-003
412.481537 4.301425e-003
412.593384 8.421651e-004
412.705200 1.583435e-003
412.817047 2.497668e-003
412.928864 2.843594e-003
413.040710 1.435181e-003
413.152557 5.209481e-004
413.264435 2.151742e-003
413.376282 3.726941e-004
413.488129 1.731689e-003
413.600006 1.682271e-003
413.711884 3.436610e-003
413.823730 5.363912e-003
413.935608 5.147708e-005
414.047516 1.262218e-003
414.159393 4.227298e-003
414.271271 1.830525e-003
414.383179 -2.264992e-005
414.495056 2.670631e-003
414.606964 3.016557e-003
414.718872 2.003488e-003
414.830780 1.484599e-003
414.942688 7.927471e-004
415.054626 2.818885e-003
415.166534 1.262218e-003
415.278473 1.385763e-003
415.390381 7.680381e-004
415.502319 4.468211e-004
415.614258 2.547086e-003
415.726196 2.670631e-003
415.838135 -1.214859e-004
415.950104 1.008951e-004
416.062042 1.805816e-003
416.174011 2.151742e-003
416.285980 1.706980e-003
416.397949 1.212800e-003
416.509918 1.731689e-003
416.621887 2.127033e-003
416.733856 1.781107e-003
416.845825 5.456571e-004
416.957825 2.299996e-003
417.069824 3.411901e-003
417.181824 5.456571e-004
417.293823 1.830525e-003
417.405823 1.256041e-004
417.517822 3.115393e-003
417.629822 9.162921e-004
417.741852 1.879943e-003
417.853851 7.618609e-005
417.965881 2.201160e-003
418.077911 1.262218e-003
418.189941 2.176451e-003
418.301971 -1.109846e-003
418.414001 -2.264992e-005
418.526062 3.411901e-003
418.638092 2.670631e-003
418.750153 5.147708e-005
418.862213 3.115393e-003
418.974274 2.868303e-003
419.086334 2.967139e-003
419.198395 -1.851116e-003
419.310455 1.608144e-003
419.422546 1.015128e-003
419.534637 1.534017e-003
419.646698 4.276716e-003
419.758789 5.215658e-003
419.870880 2.843594e-003
419.982971 2.522377e-003
420.095093 -5.415389e-004
420.207184 2.596504e-003
420.319275 1.089255e-003
420.431396 1.978779e-003
420.543518 -1.709039e-004
420.655640 5.166240e-003
420.767761 -2.691222e-003
420.879883 3.609573e-003
420.992004 -1.455772e-003
421.104156 2.059083e-006
421.216278 1.608144e-003
421.328430 9.904191e-004
421.440582 -2.203219e-004
421.552734 3.479851e-004
421.664886 2.028197e-003
421.777039 1.311636e-003
421.889221 1.706980e-003
422.001373 3.337774e-003
422.113556 -5.168299e-004
422.225739 3.263647e-003
422.337891 -7.639199e-004
422.450073 2.102324e-003
422.562286 -6.156659e-004
422.674469 6.197841e-004
422.786652 1.015128e-003
422.898865 2.423541e-003
423.011078 1.756398e-003
423.123260 -2.715931e-003
423.235474 9.657101e-004
423.347687 6.444931e-004
423.459930 -1.949952e-003
423.572144 1.731689e-003
423.684357 -1.776989e-003
423.796600 2.645922e-003
423.908844 -1.554608e-003
424.021088 1.212800e-003
424.133331 8.668741e-004
424.245575 -1.529899e-003
424.357819 2.077615e-003
424.470062 1.039837e-003
424.582336 4.029626e-003
424.694580 1.039837e-003
424.806854 1.256041e-004
424.919128 3.479851e-004
425.031403 1.286927e-003
425.143677 -4.427029e-004
425.255981 2.676808e-005
425.368256 1.163382e-003
425.480560 2.176451e-003
425.592834 1.583435e-003
425.705139 -4.921209e-004
425.817444 2.645922e-003
425.929749 1.534017e-003
426.042053 2.720049e-003
426.154388 -1.282809e-003
426.266693 3.479851e-004
426.379028 5.209481e-004
426.491333 2.349414e-003
426.603668 2.077615e-003
426.716003 3.906081e-003
426.828339 1.138673e-003
426.940674 1.237509e-003
427.053040 1.385763e-003
427.165375 3.782536e-003
427.277740 2.991848e-003
427.390106 4.054335e-003
427.502472 9.162921e-004
427.614838 1.731689e-003
427.727203 4.573224e-003
427.839569 1.163382e-003
427.951935 -1.480481e-003
428.064331 3.115393e-003
428.176727 1.113964e-003
428.289093 -2.203219e-004
428.401489 2.818885e-003
428.513885 4.350843e-003
428.626312 6.197841e-004
428.738708 3.232761e-004
428.851105 -6.403749e-004
428.963531 1.904652e-003
429.075958 1.632853e-003
429.188354 1.978779e-003
429.300781 -1.956129e-004
429.413208 1.163382e-003
429.525665 5.703661e-004
429.638092 -1.604026e-003
429.750519 -6.650839e-004
429.862976 4.449679e-003
429.975433 -1.455772e-003
430.087891 3.115393e-003
430.200348 3.881372e-003
430.312805 3.313065e-003
430.425262 2.151742e-003
430.537720 2.670631e-003
430.650208 -1.709039e-004
430.762665 2.670631e-003
430.875153 1.978779e-003
430.987640 1.855234e-003
431.100128 2.769467e-003
431.212616 -3.438669e-004
431.325134 2.738581e-004
431.437622 1.756398e-003
431.550110 -2.450309e-004
431.662628 -1.956129e-004
431.775146 -4.179939e-004
431.887665 3.974031e-004
432.000183 3.708409e-003
432.112701 3.974031e-004
432.225220 -1.999370e-003
432.337769 -4.921209e-004
432.450287 3.683700e-003
432.562836 1.750221e-004
432.675385 1.756398e-003
432.787933 -7.206792e-005
432.900482 6.444931e-004
433.013031 2.645922e-003
433.125580 7.433291e-004
433.238159 9.162921e-004
433.350708 8.668741e-004
433.463287 2.275287e-003
433.575867 2.127033e-003
433.688446 -6.403749e-004
433.801025 3.090684e-003
433.913605 1.583435e-003
434.026215 -1.727571e-003
434.138794 1.632853e-003
434.251404 3.115393e-003
434.363983 3.164811e-003
434.476593 1.929361e-003
434.589203 3.535446e-003
434.701813 1.435181e-003
434.814453 5.456571e-004
434.927063 2.102324e-003
435.039673 7.927471e-004
435.152313 -7.639199e-004
435.264954 3.479851e-004
435.377594 1.534017e-003
435.490234 2.645922e-003
435.602875 -4.179939e-004
435.715515 1.805816e-003
435.828156 1.632853e-003
435.940826 1.805816e-003
436.053497 4.054335e-003
436.166138 3.411901e-003
436.278809 -5.662479e-004
436.391479 1.064546e-003
436.504150 1.731689e-003
436.616852 2.250578e-003
436.729523 5.067404e-003
436.842224 3.362483e-003
436.954895 1.657562e-003
437.067596 6.939111e-004
437.180298 -4.674119e-004
437.292999 1.015128e-003
437.405701 4.468211e-004
437.518402 1.262218e-003
437.631134 3.387192e-003
437.743835 2.547086e-003
437.856567 3.263647e-003
437.969299 -4.674119e-004
438.082031 2.769467e-003
438.194763 1.459890e-003
438.307495 1.188091e-003
438.420227 3.906081e-003
438.532990 -1.332227e-003
438.645721 3.214229e-003
438.758484 1.781107e-003
438.871246 1.385763e-003
438.984009 9.657101e-004
439.096771 3.634282e-003
439.209534 1.484599e-003
439.322296 1.361054e-003
439.435089 -9.121739e-004
439.547852 3.726941e-004
439.660645 1.286927e-003
439.773438 -2.641804e-003
439.886230 6.444931e-004
439.999023 -5.662479e-004
440.111816 2.547086e-003
440.224609 -1.159264e-003
440.337433 2.491491e-004
440.450226 2.127033e-003
440.563049 4.054335e-003
440.675873 1.138673e-003
440.788696 8.174561e-004
440.901520 -1.085137e-003
441.014343 1.706980e-003
441.127167 -1.579317e-003
441.240021 1.237509e-003
441.352844 5.456571e-004
441.465698 2.028197e-003
441.578552 -1.035719e-003
441.691406 1.459890e-003
441.804260 1.484599e-003
441.917114 -6.403749e-004
442.029968 4.968568e-003
442.142853 2.942430e-003
442.255707 3.974031e-004
442.368591 1.188091e-003
442.481476 -1.709039e-004
442.594360 2.244401e-004
442.707245 1.008951e-004
442.820129 4.276716e-003
442.933044 -3.685759e-004
443.045929 2.967139e-003
443.158844 7.927471e-004
443.271729 3.733118e-003
443.384644 1.113964e-003
443.497559 -1.529899e-003
443.610474 2.250578e-003
443.723389 4.962391e-004
443.836334 1.503131e-004
443.949249 1.558726e-003
444.062195 3.313065e-003
444.175110 -9.368829e-004
444.288055 -8.627559e-004
444.401001 6.376981e-003
444.513947 -1.406354e-003
444.626923 2.985671e-004
444.739868 1.015128e-003
444.852814 -1.208682e-003
444.965790 1.015128e-003
445.078766 1.435181e-003
445.191711 1.311636e-003
445.304688 1.805816e-003
445.417664 -1.956129e-004
445.530670 5.438039e-003
445.643646 6.197841e-004
445.756622 1.657562e-003
445.869629 -6.403749e-004
445.982635 2.621213e-003
446.095612 1.929361e-003
446.208618 1.064546e-003
446.321655 1.731689e-003
446.434662 3.065975e-003
446.547668 -4.735892e-005
446.660675 -1.208682e-003
446.773712 3.041266e-003
446.886749 2.127033e-003
446.999786 6.444931e-004
447.112793 -1.214859e-004
447.225861 -2.264992e-005
447.338898 2.201160e-003
447.451935 1.336345e-003
447.564972 3.733118e-003
447.678040 2.645922e-003
447.791107 3.238938e-003
447.904175 3.930790e-003
448.017212 1.879943e-003
448.130310 -1.208682e-003
448.243378 -7.392109e-004
448.356445 2.720049e-003
448.469513 8.174561e-004
448.582611 3.436610e-003
448.695709 1.435181e-003
448.808777 2.991848e-003
448.921875 3.609573e-003
449.034973 -3.685759e-004
449.148102 1.978779e-003
449.261200 6.939111e-004
449.374298 3.362483e-003
449.487427 1.756398e-003
449.600525 3.016557e-003
449.713654 2.670631e-003
449.826782 3.214229e-003
449.939911 1.608144e-003
450.053040 3.238938e-003
450.166199 -3.932849e-004
450.279327 -3.191579e-004
450.392456 1.978779e-003
450.505615 1.781107e-003
450.618774 2.176451e-003
450.731934 1.954070e-003
450.845093 -1.214859e-004
450.958252 -6.403749e-004
451.071411 1.503131e-004
451.184601 1.632853e-003
451.297760 1.954070e-003
451.410950 1.138673e-003
451.524109 1.064546e-003
451.637299 -1.702862e-003
451.750488 1.534017e-003
451.863678 1.879943e-003
451.976898 1.509308e-003
452.090088 7.186201e-004
452.203308 2.621213e-003
452.316498 2.102324e-003
452.429718 -6.897929e-004
452.542938 4.029626e-003
452.656158 2.917721e-003
452.769379 1.583435e-003
452.882599 7.927471e-004
452.995819 7.618609e-005
453.109070 2.176451e-003
453.222290 1.138673e-003
453.335541 1.756398e-003
453.448792 3.461319e-003
453.562042 2.176451e-003
453.675293 -1.461949e-004
453.788544 1.064546e-003
453.901794 1.534017e-003
454.015076 1.929361e-003
454.128326 8.421651e-004
454.241608 -1.307518e-003
454.354889 1.435181e-003
454.468170 3.238938e-003
454.581451 3.733118e-003
454.694733 2.201160e-003
454.808014 4.301425e-003
454.921326 9.657101e-004
455.034607 4.227298e-003
455.147919 9.657101e-004
455.261230 -1.653444e-003
455.374542 1.336345e-003
455.487854 7.433291e-004
455.601166 1.750221e-004
455.714478 6.197841e-004
455.827789 -1.159264e-003
455.941132 7.680381e-004
456.054474 1.484599e-003
456.167786 -1.159264e-003
456.281128 3.733118e-003
456.394470 7.680381e-004
456.507813 3.609573e-003
456.621185 7.680381e-004
456.734528 2.299996e-003
456.847870 2.374123e-003
456.961243 -4.735892e-005
457.074615 1.039837e-003
457.187988 -2.264992e-005
457.301361 9.657101e-004
457.414734 1.706980e-003
457.528107 -1.461949e-004
457.641479 2.151742e-003
457.754883 2.423541e-003
457.868256 3.807245e-003
457.981659 2.028197e-003
458.095062 2.275287e-003
458.208466 1.997311e-004
458.321869 1.015128e-003
458.435272 7.927471e-004
458.548676 -5.909569e-004
458.662109 9.410011e-004
458.775513 4.221121e-004
458.888947 1.830525e-003
459.002380 2.645922e-003
459.115784 -4.735892e-005
459.229218 4.079044e-003
459.342682 2.324705e-003
459.456116 -7.886289e-004
459.569550 1.008951e-004
459.683014 3.263647e-003
459.796448 1.212800e-003
459.909912 1.262218e-003
460.023376 3.115393e-003
460.136841 1.830525e-003
460.250305 2.472959e-003
460.363770 3.041266e-003
460.477264 2.985671e-004
460.590729 1.286927e-003
460.704224 -1.159264e-003
460.817688 2.491491e-004
460.931183 9.162921e-004
461.044678 3.065975e-003
461.158173 1.997311e-004
461.271667 1.731689e-003
461.385193 3.486028e-003
461.498688 5.703661e-004
461.612213 1.163382e-003
461.725708 7.618609e-005
461.839233 2.052906e-003
461.952759 1.954070e-003
462.066284 4.499097e-003
462.179810 1.385763e-003
462.293335 1.558726e-003
462.406891 3.479851e-004
462.520416 3.726941e-004
462.633972 -1.461949e-004
462.747528 7.927471e-004
462.861053 2.917721e-003
462.974609 5.147708e-005
463.088165 3.510737e-003
463.201752 1.256041e-004
463.315308 1.089255e-003
463.428864 1.039837e-003
463.542450 2.398832e-003
463.656036 -2.024079e-003
463.769623 2.769467e-003
463.883179 -1.356936e-003
463.996765 3.726941e-004
464.110382 1.756398e-003
464.223969 1.286927e-003
464.337555 1.805816e-003
464.451172 3.831954e-003
464.564789 5.147708e-005
464.678375 2.225869e-003
464.791992 1.311636e-003
464.905609 4.468211e-004
465.019226 -1.233391e-003
465.132874 2.127033e-003
465.246490 -5.168299e-004
465.360107 -4.735892e-005
465.473755 -1.461949e-004
465.587402 1.262218e-003
465.701050 2.151742e-003
465.814667 1.879943e-003
465.928345 1.188091e-003
466.041992 2.472959e-003
466.155640 1.168942e-002
466.269287 -4.179939e-004
466.382965 2.003488e-003
466.496643 9.410011e-004
466.610291 3.411901e-003
466.723969 1.997311e-004
466.837646 -2.264992e-005
466.951324 1.064546e-003
467.065033 -1.999370e-003
467.178711 2.645922e-003
467.292419 -3.932849e-004
467.406097 7.680381e-004
467.519806 -8.133379e-004
467.633514 -5.168299e-004
467.747223 3.461319e-003
467.860931 2.151742e-003
467.974640 -1.214859e-004
468.088348 1.435181e-003
468.202087 -3.438669e-004
468.315796 -4.427029e-004
468.429535 9.410011e-004
468.543274 -8.380469e-004
468.657013 2.201160e-003
468.770752 1.089255e-003
468.884491 3.479851e-004
468.998230 3.214229e-003
469.111969 6.692021e-004
469.225739 2.893012e-003
469.339508 1.286927e-003
469.453247 6.692021e-004
469.567017 -1.011010e-003
469.680786 3.065975e-003
469.794556 2.003488e-003
469.908325 1.484599e-003
470.022125 6.444931e-004
470.135895 1.459890e-003
470.249695 1.188091e-003
470.363464 3.337774e-003
470.477264 2.151742e-003
470.591064 2.818885e-003
470.704865 6.444931e-004
470.818665 2.794176e-003
470.932465 7.186201e-004
471.046295 -1.381645e-003
471.160095 5.363912e-003
471.273926 2.695340e-003
471.387756 5.209481e-004
471.501587 2.052906e-003
471.615387 7.927471e-004
471.729248 2.738581e-004
471.843079 2.596504e-003
471.956909 1.237509e-003
472.070740 1.336345e-003
472.184601 1.929361e-003
472.298462 -1.060428e-003
472.412292 1.558726e-003
472.526154 1.954070e-003
472.640015 4.597933e-003
472.753876 6.939111e-004
472.867767 2.720049e-003
472.981628 2.596504e-003
473.095520 1.435181e-003
473.209381 2.003488e-003
473.323273 2.374123e-003
473.437164 4.103753e-003
473.551056 1.750221e-004
473.664948 3.535446e-003
473.778839 1.286927e-003
473.892731 2.985671e-004
474.006653 2.522377e-003
474.120544 1.750221e-004
474.234467 1.978779e-003
474.348389 1.978779e-003
474.462280 1.039837e-003
474.576202 2.967139e-003
474.690125 1.830525e-003
474.804077 9.657101e-004
474.917999 1.286927e-003
475.031921 1.731689e-003
475.145874 4.326134e-003
475.259827 2.645922e-003
475.373779 -1.702862e-003
475.487701 -1.875825e-003
475.601654 2.151742e-003
475.715637 1.459890e-003
475.829590 2.985671e-004
475.943542 -7.392109e-004
476.057526 2.250578e-003
476.171478 1.361054e-003
476.285461 4.128462e-003
476.399445 -1.214859e-004
476.513428 3.807245e-003
476.627411 2.324705e-003
476.741394 5.456571e-004
476.855377 1.855234e-003
476.969391 4.962391e-004
477.083374 4.221121e-004
477.197388 1.435181e-003
477.311401 1.311636e-003
477.425415 5.209481e-004
477.539429 1.484599e-003
477.653442 4.252007e-003
477.767456 6.692021e-004
477.881470 7.433291e-004
477.995514 1.632853e-003
478.109528 2.596504e-003
478.223572 -8.380469e-004
478.337616 2.059083e-006
478.451660 -2.122915e-003
478.565704 1.682271e-003
478.679749 4.054335e-003
478.793793 -1.554608e-003
478.907867 -1.461949e-004
479.021912 2.985671e-004
479.135986 3.560155e-003
479.250061 2.225869e-003
479.364105 2.423541e-003
479.478180 4.177880e-003
479.592255 1.138673e-003
479.706360 1.879943e-003
479.820435 1.534017e-003
479.934509 3.214229e-003
480.048615 1.237509e-003
480.162689 -2.203219e-004
480.276794 2.077615e-003
480.390900 8.625500e-003
480.505005 4.962391e-004
480.619110 2.028197e-003
480.733215 -2.944489e-004
480.847351 1.879943e-003
480.961456 3.065975e-003
481.075592 1.879943e-003
481.189697 2.744758e-003
481.303833 3.189520e-003
481.417969 2.059083e-006
481.532104 3.560155e-003
481.646240 -6.897929e-004
481.760376 3.164811e-003
481.874542 -2.264992e-005
481.988678 2.448250e-003
482.102844 6.197841e-004
482.217010 2.374123e-003
482.331146 1.781107e-003
482.445313 1.997311e-004
482.559479 2.491491e-004
482.673645 6.197841e-004
482.787842 3.510737e-003
482.902008 -1.461949e-004
483.016205 -5.909569e-004
483.130371 4.597933e-003
483.244568 2.176451e-003
483.358765 2.917721e-003
483.472961 1.064546e-003
483.587158 -8.627559e-004
483.701355 9.410011e-004
483.815552 3.362483e-003
483.929779 -1.709039e-004
484.043976 1.954070e-003
484.158203 2.151742e-003
484.272430 5.950751e-004
484.386627 3.313065e-003
484.500854 3.980208e-003
484.615082 2.720049e-003
484.729340 4.468211e-004
484.843567 1.015128e-003
484.957794 -3.932849e-004
485.072052 2.695340e-003
485.186310 -9.677692e-005
485.300537 -2.697399e-004
485.414795 2.275287e-003
485.529053 3.140102e-003
485.643311 2.738581e-004
485.757599 7.927471e-004
485.871857 -1.214859e-004
485.986115 -3.932849e-004
486.100403 2.472959e-003
486.214691 -2.697399e-004
486.328949 1.435181e-003
486.443237 3.930790e-003
486.557526 3.726941e-004
486.671814 2.244401e-004
486.786133 2.522377e-003
486.900421 1.879943e-003
487.014709 -1.709039e-004
487.129028 2.695340e-003
487.243347 3.288356e-003
487.357635 1.534017e-003
487.471954 2.028197e-003
487.586273 1.039837e-003
487.700592 3.164811e-003
487.814941 2.349414e-003
487.929260 1.657562e-003
488.043610 3.041266e-003
488.157928 2.077615e-003
488.272278 4.221121e-004
488.386627 4.054335e-003
488.500977 4.029626e-003
488.615326 1.879943e-003
488.729675 -1.999370e-003
488.844025 7.618609e-005
488.958374 1.706980e-003
489.072754 3.510737e-003
489.187103 3.782536e-003
489.301483 1.997311e-004
489.415863 1.039837e-003
489.530243 1.657562e-003
489.644623 2.028197e-003
489.759003 -7.639199e-004
489.873383 1.583435e-003
489.987793 -1.183973e-003
490.102173 1.237509e-003
490.216583 -2.697399e-004
490.330963 1.781107e-003
490.445374 -7.886289e-004
490.559784 1.805816e-003
490.674194 1.509308e-003
490.788605 2.127033e-003
490.903046 -3.932849e-004
491.017456 3.683700e-003
491.131897 3.041266e-003
491.246307 2.738581e-004
491.360748 2.738581e-004
491.475189 2.738581e-004
491.589630 2.077615e-003
491.704071 1.361054e-003
491.818512 4.468211e-004
491.932953 -1.332227e-003
492.047394 1.855234e-003
492.161865 -4.674119e-004
492.276337 -4.427029e-004
492.390778 3.436610e-003
492.505249 6.444931e-004
492.619720 2.769467e-003
492.734192 1.731689e-003
492.848663 -1.406354e-003
492.963135 2.052906e-003
493.077637 1.830525e-003
493.192108 2.596504e-003
493.306610 3.238938e-003
493.421112 1.583435e-003
493.535583 1.830525e-003
493.650085 1.855234e-003
493.764587 -8.380469e-004
493.879120 1.583435e-003
493.993622 1.039837e-003
494.108124 -1.702862e-003
494.222656 -9.677692e-005
494.337158 6.444931e-004
494.451691 2.738581e-004
494.566223 2.738581e-004
494.680756 5.147708e-005
494.795288 5.209481e-004
494.909821 3.164811e-003
495.024353 3.041266e-003
495.138916 -1.461949e-004
495.253448 2.127033e-003
495.368011 1.706980e-003
495.482544 4.468211e-004
495.597107 -9.677692e-005
495.711670 2.491491e-004
495.826233 -3.932849e-004
495.940796 -1.752280e-003
496.055389 1.558726e-003
496.169952 3.337774e-003
496.284515 1.237509e-003
496.399109 2.349414e-003
496.513702 9.410011e-004
496.628265 2.250578e-003
496.742859 -3.685759e-004
496.857452 1.781107e-003
496.972076 1.756398e-003
497.086670 4.962391e-004
497.201263 1.237509e-003
497.315887 1.978779e-003
497.430481 1.435181e-003
497.545105 4.968568e-003
497.659729 1.929361e-003
497.774353 -7.206792e-005
497.888977 6.197841e-004
498.003601 3.214229e-003
498.118225 6.197841e-004
498.232849 7.927471e-004
498.347504 -4.674119e-004
498.462128 3.560155e-003
498.576782 4.128462e-003
498.691437 5.950751e-004
498.806091 2.299996e-003
498.920746 -3.932849e-004
499.035400 1.657562e-003
499.150055 2.818885e-003
499.264709 5.147708e-005
499.379395 4.715301e-004
499.494049 2.769467e-003
499.608734 -4.427029e-004
499.723419 1.336345e-003
499.838074 1.750221e-004
499.952759 3.856663e-003
500.067474 1.385763e-003
500.182159 -9.615919e-004
500.296844 -4.179939e-004
500.411530 3.726941e-004
500.526245 -3.438669e-004
500.640961 2.571795e-003
500.755646 3.436610e-003
500.870361 1.064546e-003
500.985077 -1.183973e-003
501.099792 1.830525e-003
501.214508 1.113964e-003
501.329254 1.608144e-003
501.443970 -1.801698e-003
501.558716 2.868303e-003
501.673431 4.468211e-004
501.788177 4.820314e-003
501.902924 -2.246460e-003
502.017670 3.436610e-003
502.132416 -4.179939e-004
502.247162 2.497668e-003
502.361908 -5.415389e-004
502.476654 1.410472e-003
502.591431 -6.897929e-004
502.706207 1.361054e-003
502.820953 1.237509e-003
502.935730 -5.909569e-004
503.050507 3.115393e-003
503.165283 4.202589e-003
503.280060 1.286927e-003
503.394836 1.039837e-003
503.509644 2.491491e-004
503.624420 1.583435e-003
503.739227 -2.197042e-003
503.854004 -2.419423e-003
503.968811 2.127033e-003
504.083618 5.703661e-004
504.198425 1.954070e-003
504.313232 2.818885e-003
504.428040 -5.662479e-004
504.542877 3.955499e-003
504.657684 3.486028e-003
504.772491 1.855234e-003
504.887329 -7.145019e-004
505.002167 4.004917e-003
505.117004 3.726941e-004
505.231842 2.151742e-003
505.346680 1.781107e-003
505.461517 4.962391e-004
505.576355 1.682271e-003
505.691223 1.361054e-003
505.806061 8.668741e-004
505.920929 -3.932849e-004
506.035767 5.017986e-003
506.150635 9.657101e-004
506.265503 -7.206792e-005
506.380371 1.188091e-003
506.495239 -5.662479e-004
506.610107 2.275287e-003
506.725006 2.244401e-004
506.839874 -7.392109e-004
506.954773 1.163382e-003
507.069672 -1.461949e-004
507.184540 3.411901e-003
507.299438 5.240367e-003
507.414337 -2.839476e-003
507.529236 2.985671e-004
507.644165 2.398832e-003
507.759064 3.955499e-003
507.873962 1.503131e-004
507.988892 4.962391e-004
508.103790 -8.627559e-004
508.218719 2.472959e-003
508.333649 -2.203219e-004
508.448578 3.726941e-004
508.563507 1.608144e-003
508.678436 -3.932849e-004
508.793365 -7.639199e-004
508.908325 8.421651e-004
509.023254 -7.886289e-004
509.138214 -1.208682e-003
509.253174 1.706980e-003
509.368103 -1.875825e-003
509.483063 -3.932849e-004
509.598022 2.720049e-003
509.712982 -8.133379e-004
509.827972 1.064546e-003
509.942932 3.461319e-003
510.057892 2.176451e-003
510.172882 1.929361e-003
510.287872 -1.085137e-003
510.402832 3.535446e-003
510.517822 2.571795e-003
510.632813 2.059083e-006
510.747803 3.140102e-003
510.862823 2.794176e-003
510.977814 2.522377e-003
511.092804 2.423541e-003
511.207825 5.703661e-004
511.322815 4.968568e-003
511.437836 1.781107e-003
511.552856 2.738581e-004
511.667877 7.186201e-004
511.782898 6.939111e-004
511.897919 1.361054e-003
512.012939 3.065975e-003
512.127991 2.225869e-003
512.242981 1.089255e-003
512.358032 3.387192e-003
512.473083 3.479851e-004
512.588135 6.197841e-004
512.703186 -1.356936e-003
512.818237 4.227298e-003
512.933289 2.275287e-003
513.048340 -3.932849e-004
513.163391 2.985671e-004
513.278442 5.703661e-004
513.393555 -6.403749e-004
513.508606 3.016557e-003
513.623657 4.647351e-003
513.738770 1.113964e-003
513.853821 1.089255e-003
513.968933 1.781107e-003
514.083984 3.733118e-003
514.199097 2.349414e-003
514.314209 1.830525e-003
514.429260 2.670631e-003
514.544373 -1.214859e-004
514.659485 4.301425e-003
514.774597 2.596504e-003
514.889709 9.410011e-004
515.004822 2.201160e-003
515.119934 1.954070e-003
515.235046 2.547086e-003
515.350159 1.163382e-003
515.465271 2.349414e-003
515.580383 2.448250e-003
515.695557 5.209481e-004
515.810669 3.609573e-003
515.925842 2.917721e-003
516.040955 1.978779e-003
516.156067 1.311636e-003
516.271240 2.985671e-004
516.386414 2.769467e-003
516.501526 1.459890e-003
516.616699 1.410472e-003
516.731873 5.147708e-005
516.847046 -5.168299e-004
516.962219 1.855234e-003
517.077332 4.715301e-004
517.192505 1.781107e-003
517.307678 2.374123e-003
517.422913 2.991848e-003
517.538086 2.744758e-003
517.653259 1.657562e-003
517.768433 1.311636e-003
517.883606 2.324705e-003
517.998840 3.486028e-003
518.114014 -5.168299e-004
518.229248 3.164811e-003
518.344421 -1.604026e-003
518.459656 -1.159264e-003
518.574829 2.201160e-003
518.690063 -1.709039e-004
518.805298 -1.085137e-003
518.920471 -5.415389e-004
519.035706 1.904652e-003
519.150940 2.077615e-003
519.266174 7.433291e-004
519.381409 8.421651e-004
519.496643 1.503131e-004
519.611877 -4.179939e-004
519.727112 -9.863009e-004
519.842346 8.421651e-004
519.957642 1.657562e-003
520.072876 3.807245e-003
520.188110 3.726941e-004
520.303406 3.313065e-003
520.418640 2.201160e-003
520.533875 6.444931e-004
520.649170 9.162921e-004
520.764465 2.448250e-003
520.879700 3.510737e-003
520.994995 5.147708e-005
521.110291 2.942430e-003
521.225525 9.657101e-004
521.340820 8.421651e-004
521.456116 -6.897929e-004
521.571411 1.997311e-004
521.686707 -1.956129e-004
521.802002 -2.944489e-004
521.917297 2.720049e-003
522.032593 1.879943e-003
522.147949 3.313065e-003
522.263245 -2.450309e-004
522.378540 2.472959e-003
522.493896 -1.085137e-003
522.609192 2.670631e-003
522.724487 -3.932849e-004
522.839844 5.487457e-003
522.955200 -2.264992e-005
523.070496 -4.427029e-004
523.185852 1.657562e-003
523.301208 1.731689e-003
523.416504 4.715301e-004
523.531860 1.237509e-003
523.647217 3.974031e-004
523.762573 1.756398e-003
523.877930 1.731689e-003
523.993286 -7.145019e-004
524.108643 -7.392109e-004
524.223999 1.805816e-003
524.339355 -5.662479e-004
524.454712 2.645922e-003
524.570129 2.201160e-003
524.685486 1.256041e-004
524.800842 5.456571e-004
524.916260 1.583435e-003
525.031616 5.950751e-004
525.147034 2.423541e-003
525.262451 2.225869e-003
525.377808 4.573224e-003
525.493225 4.221121e-004
525.608643 1.336345e-003
525.723999 9.904191e-004
525.839417 2.299996e-003
525.954834 3.214229e-003
526.070251 4.202589e-003
526.185669 3.016557e-003
526.301086 7.186201e-004
526.416504 1.830525e-003
526.531921 1.237509e-003
526.647400 -1.752280e-003
526.762817 3.238938e-003
526.878235 -2.098206e-003
526.993652 3.726941e-004
527.109131 -3.438669e-004
527.224548 -2.450309e-004
527.340027 2.676808e-005
527.455444 1.781107e-003
527.570923 1.484599e-003
527.686401 1.781107e-003
527.801819 -1.307518e-003
527.917297 6.444931e-004
528.032776 8.668741e-004
528.148254 -4.674119e-004
528.263733 -6.403749e-004
528.379211 5.703661e-004
528.494690 3.807245e-003
528.610168 -9.863009e-004
528.725647 2.491491e-004
528.841125 2.374123e-003
528.956604 -1.709039e-004
529.072083 3.782536e-003
529.187622 9.162921e-004
529.303101 2.917721e-003
529.418579 -2.715931e-003
529.534119 2.547086e-003
529.649597 2.003488e-003
529.765137 2.077615e-003
529.880676 1.138673e-003
529.996155 3.726941e-004
530.111694 2.176451e-003
530.227234 1.583435e-003
530.342773 -8.133379e-004
530.458252 1.039837e-003
530.573792 1.750221e-004
530.689331 2.472959e-003
530.804871 -8.874649e-004
530.920410 3.726941e-004
531.035950 1.997311e-004
531.151550 9.904191e-004
531.267090 -2.468841e-003
531.382629 2.738581e-004
531.498169 2.670631e-003
531.613770 7.927471e-004
531.729309 -5.415389e-004
531.844910 -2.542968e-003
531.960449 1.138673e-003
532.076050 7.927471e-004
532.191589 2.794176e-003
532.307190 2.472959e-003
532.422791 2.491491e-004
532.538330 2.917721e-003
532.653931 -1.461949e-004
532.769531 3.461319e-003
532.885132 1.756398e-003
533.000732 2.985671e-004
533.116333 2.794176e-003
533.231934 -1.109846e-003
533.347534 2.571795e-003
533.463135 1.731689e-003
533.578796 1.706980e-003
533.694397 3.560155e-003
533.809998 1.435181e-003
533.925659 3.387192e-003
534.041260 -7.206792e-005
534.156860 -4.179939e-004
534.272522 7.618609e-005
534.388123 1.336345e-003
534.503784 5.265076e-003
534.619446 7.927471e-004
534.735046 1.008951e-004
534.850708 2.151742e-003
534.966370 5.209481e-004
535.082031 2.942430e-003
535.197693 -4.674119e-004
535.313354 1.632853e-003
535.429016 -2.264992e-005
535.544678 2.497668e-003
535.660339 8.668741e-004
535.776001 1.558726e-003
535.891663 -7.206792e-005
536.007385 4.962391e-004
536.123047 -9.677692e-005
536.238708 2.028197e-003
536.354431 1.008951e-004
536.470093 -1.258100e-003
536.585815 -6.897929e-004
536.701477 2.670631e-003
536.817200 -2.203219e-004
536.932861 -8.133379e-004
537.048584 -3.191579e-004
537.164307 -5.662479e-004
537.280029 9.162921e-004
537.395691 2.028197e-003
537.511414 -1.332227e-003
537.627136 3.337774e-003
537.742859 -4.921209e-004
537.858582 2.349414e-003
537.974304 1.113964e-003
538.090088 2.324705e-003
538.205811 -2.450309e-004
538.321533 1.163382e-003
538.437256 2.794176e-003
538.553040 3.584864e-003
538.668762 -5.909569e-004
538.784485 1.361054e-003
538.900269 -8.133379e-004
539.015991 2.275287e-003
539.131775 1.978779e-003
539.247559 -4.674119e-004
539.363281 -6.650839e-004
539.479065 2.744758e-003
539.594849 -1.604026e-003
539.710632 -8.874649e-004
539.826416 2.324705e-003
539.942139 -9.677692e-005
540.057922 2.423541e-003
540.173706 -9.615919e-004
540.289551 5.561584e-003
540.405334 3.387192e-003
540.521118 4.221121e-004
540.636902 -3.685759e-004
540.752686 6.692021e-004
540.868530 3.263647e-003
540.984314 2.472959e-003
541.100098 1.830525e-003
541.215942 1.756398e-003
541.331726 1.756398e-003
541.447571 4.962391e-004
541.563416 2.893012e-003
541.679199 -4.735892e-005
541.795044 2.003488e-003
541.910889 4.968568e-003
542.026672 1.435181e-003
542.142517 2.843594e-003
542.258362 1.657562e-003
542.374207 1.064546e-003
542.490051 1.534017e-003
542.605896 4.962391e-004
542.721741 8.668741e-004
542.837585 2.720049e-003
542.953491 -2.264992e-005
543.069336 1.262218e-003
543.185181 3.726941e-004
543.301025 2.472959e-003
543.416931 -2.697399e-004
543.532776 4.795605e-003
543.648682 2.472959e-003
543.764526 -1.214859e-004
543.880432 1.188091e-003
543.996338 1.311636e-003
544.112183 -3.191579e-004
544.228088 -4.179939e-004
544.343994 -7.392109e-004
544.459900 1.855234e-003
544.575745 -9.615919e-004
544.691650 -9.121739e-004
544.807556 2.275287e-003
544.923462 -2.203219e-004
545.039368 1.879943e-003
545.155273 1.830525e-003
545.271240 3.214229e-003
545.387146 3.733118e-003
545.503052 3.232761e-004
545.618958 2.176451e-003
545.734924 2.448250e-003
545.850830 -1.183973e-003
545.966797 2.547086e-003
546.082703 1.503131e-004
546.198669 2.052906e-003
546.314575 2.275287e-003
546.430542 1.608144e-003
546.546509 1.706980e-003
546.662415 2.077615e-003
546.778381 1.138673e-003
546.894348 3.479851e-004
547.010315 8.174561e-004
547.126282 1.731689e-003
547.242249 5.456571e-004
547.358215 2.868303e-003
547.474182 -1.851116e-003
547.590149 -7.392109e-004
547.706116 -6.156659e-004
547.822083 3.708409e-003
547.938110 5.147708e-005
548.054077 -2.264992e-005
548.170044 2.244401e-004
548.286072 2.299996e-003
548.402039 2.991848e-003
548.518066 1.657562e-003
548.634033 4.845023e-003
548.750061 1.361054e-003
548.866028 9.410011e-004
548.982056 2.349414e-003
549.098083 -1.974661e-003
549.214111 -3.685759e-004
549.330078 1.039837e-003
549.446106 1.089255e-003
549.562134 1.262218e-003
549.678162 1.534017e-003
549.794189 3.733118e-003
549.910217 1.997311e-004
550.026245 1.336345e-003
550.142334 -1.011010e-003
550.258362 2.028197e-003
550.374390 9.410011e-004
550.490417 1.410472e-003
550.606506 -8.380469e-004
550.722534 9.410011e-004
550.838623 -2.450309e-004
550.954651 3.634282e-003
551.070740 1.978779e-003
551.186768 -1.604026e-003
551.302856 -4.921209e-004
551.418884 5.240367e-003
551.534973 2.423541e-003
551.651062 3.726941e-004
551.767151 2.497668e-003
551.883240 2.028197e-003
551.999329 4.221121e-004
552.115417 -2.203219e-004
552.231506 6.197841e-004
552.347595 2.942430e-003
552.463684 1.632853e-003
552.579773 1.657562e-003
552.695862 2.497668e-003
552.811951 2.299996e-003
552.928101 -1.678153e-003
553.044189 5.950751e-004
553.160278 1.113964e-003
553.276428 5.536875e-003
553.392517 9.162921e-004
553.508667 2.028197e-003
553.624817 -7.886289e-004
553.740906 1.805816e-003
553.857056 -4.179939e-004
553.973206 2.151742e-003
554.089294 2.374123e-003
554.205444 -1.461949e-004
554.321594 2.695340e-003
554.437744 2.028197e-003
554.553894 8.915831e-004
554.670044 2.059083e-006
554.786194 1.212800e-003
554.902344 2.250578e-003
555.018494 4.622642e-003
555.134644 2.250578e-003
555.250854 -2.098206e-003
555.367004 2.967139e-003
555.483154 3.733118e-003
555.599365 8.174561e-004
555.715515 9.904191e-004
555.831726 -4.427029e-004
555.947876 1.039837e-003
556.064087 1.361054e-003
556.180237 1.879943e-003
556.296448 -1.233391e-003
556.412659 1.459890e-003
556.528809 -4.427029e-004
556.645020 1.682271e-003
556.761230 2.596504e-003
556.877441 2.127033e-003
556.993652 3.535446e-003
557.109863 -9.121739e-004
557.226074 3.232761e-004
557.342285 1.756398e-003
557.458496 2.349414e-003
557.574707 -1.183973e-003
557.690918 1.008951e-004
557.807190 2.151742e-003
557.923401 5.147708e-005
558.039612 2.275287e-003
558.155884 1.459890e-003
558.272095 -1.653444e-003
558.388367 1.756398e-003
558.504578 1.361054e-003
558.620850 9.904191e-004
558.737061 -7.639199e-004
558.853333 4.221121e-004
558.969604 -6.156659e-004
559.085876 7.186201e-004
559.202087 4.672060e-003
559.318359 2.645922e-003
559.434631 3.411901e-003
559.550903 2.596504e-003
559.667175 3.782536e-003
559.783447 1.830525e-003
559.899719 -4.735892e-005
560.015991 2.324705e-003
560.132324 -1.974661e-003
560.248596 -1.214859e-004
560.364868 8.421651e-004
560.481201 2.250578e-003
560.597473 1.435181e-003
560.713745 6.444931e-004
560.830078 3.387192e-003
560.946350 4.301425e-003
561.062683 5.209481e-004
561.178955 3.708409e-003
561.295288 1.361054e-003
561.411621 2.843594e-003
561.527954 8.174561e-004
561.644226 2.645922e-003
561.760559 2.942430e-003
561.876892 3.288356e-003
561.993225 5.456571e-004
562.109558 1.361054e-003
562.225891 3.856663e-003
562.342224 4.004917e-003
562.458557 5.703661e-004
562.574890 8.668741e-004
562.691223 8.915831e-004
562.807617 3.974031e-004
562.923950 -1.678153e-003
563.040283 1.750221e-004
563.156677 1.997311e-004
563.273010 1.978779e-003
563.389404 4.962391e-004
563.505737 2.275287e-003
563.622131 5.147708e-005
563.738464 2.374123e-003
563.854858 -3.191579e-004
563.971252 -2.450309e-004
564.087585 -5.662479e-004
564.203979 5.456571e-004
564.320374 2.059083e-006
564.436768 -1.060428e-003
564.553162 7.927471e-004
564.669556 9.410011e-004
564.785950 1.805816e-003
564.902344 1.163382e-003
565.018738 -5.415389e-004
565.135132 1.756398e-003
565.251526 3.486028e-003
565.367981 1.756398e-003
565.484375 3.232761e-004
565.600769 -1.709039e-004
565.717224 8.668741e-004
565.833618 2.102324e-003
565.950073 4.004917e-003
566.066467 1.509308e-003
566.182922 4.301425e-003
566.299316 1.039837e-003
566.415771 -4.735892e-005
566.532227 3.232761e-004
566.648621 1.879943e-003
566.765076 9.657101e-004
566.881531 1.459890e-003
566.997986 -1.035719e-003
567.114441 -2.697399e-004
567.230896 6.939111e-004
567.347351 -2.450309e-004
567.463806 1.188091e-003
567.580261 -1.956129e-004
567.696716 8.421651e-004
567.813171 3.479851e-004
567.929688 3.634282e-003
568.046143 2.942430e-003
568.162598 -8.133379e-004
568.279114 5.147708e-005
568.395569 -9.615919e-004
568.512024 4.301425e-003
568.628540 1.534017e-003
568.744995 2.423541e-003
568.861511 2.621213e-003
568.978027 7.618609e-005
569.094482 2.324705e-003
569.210999 2.225869e-003
569.327515 7.186201e-004
569.444031 3.856663e-003
569.560547 1.015128e-003
569.677063 2.491491e-004
569.793579 6.197841e-004
569.910095 2.250578e-003
570.026611 8.421651e-004
570.143127 -1.356936e-003
570.259644 -1.727571e-003
570.376160 -1.109846e-003
570.492676 1.781107e-003
570.609192 -5.662479e-004
570.725769 3.634282e-003
570.842285 2.244401e-004
570.958862 4.962391e-004
571.075378 4.962391e-004
571.191956 2.324705e-003
571.308472 -3.438669e-004
571.425049 2.299996e-003
571.541565 1.879943e-003
571.658142 3.115393e-003
571.774719 3.263647e-003
571.891235 1.608144e-003
572.007813 6.939111e-004
572.124390 4.424970e-003
572.240967 7.927471e-004
572.357544 2.571795e-003
572.474121 -4.921209e-004
572.590698 1.608144e-003
572.707275 2.059083e-006
572.823853 -4.427029e-004
572.940430 -5.662479e-004
573.057007 -8.627559e-004
573.173645 3.115393e-003
573.290222 4.993277e-003
573.406799 -1.529899e-003
573.523438 2.151742e-003
573.640015 1.750221e-004
573.756653 2.621213e-003
573.873230 1.015128e-003
573.989868 9.904191e-004
574.106445 4.221121e-004
574.223083 2.942430e-003
574.339722 6.444931e-004
574.456299 1.632853e-003
574.572937 1.163382e-003
574.689575 1.484599e-003
574.806213 2.052906e-003
574.922852 1.682271e-003
575.039490 -1.011010e-003
575.156128 1.558726e-003
575.272766 1.954070e-003
575.389404 7.433291e-004
575.506042 -1.258100e-003
575.622681 4.468211e-004
575.739319 -1.628735e-003
575.856018 1.756398e-003
575.972656 -3.438669e-004
576.089294 1.756398e-003
576.205994 -1.956129e-004
576.322632 -1.356936e-003
576.439331 1.385763e-003
576.555969 1.756398e-003
576.672668 2.670631e-003
576.789307 5.950751e-004
576.906006 1.682271e-003
577.022705 4.715301e-004
577.139343 1.008951e-004
577.256042 1.632853e-003
577.372742 2.349414e-003
577.489441 3.232761e-004
577.606140 6.939111e-004
577.722839 1.750221e-004
577.839539 -2.264992e-005
577.956238 1.336345e-003
578.072937 1.632853e-003
578.189636 5.981637e-003
578.306335 7.927471e-004
578.423096 -2.450309e-004
578.539795 2.374123e-003
578.656494 2.596504e-003
578.773254 5.438039e-003
578.889954 1.731689e-003
579.006653 2.843594e-003
579.123413 4.252007e-003
579.240112 -7.886289e-004
579.356873 1.756398e-003
579.473633 1.583435e-003
579.590332 -9.121739e-004
579.707092 1.657562e-003
579.823853 -3.932849e-004
579.940613 -7.392109e-004
580.057312 -9.863009e-004
580.174072 6.939111e-004
580.290833 3.486028e-003
580.407593 2.818885e-003
580.524353 -3.685759e-004
580.641113 2.769467e-003
580.757874 1.406148e-002
580.874634 -6.156659e-004
580.991455 1.632853e-003
581.108215 -6.403749e-004
581.224976 4.468211e-004
581.341736 1.558726e-003
581.458557 -1.011010e-003
581.575317 1.138673e-003
581.692139 -4.427029e-004
581.808899 2.028197e-003
581.925720 2.176451e-003
582.042480 4.004917e-003
582.159302 9.162921e-004
582.276062 1.978779e-003
582.392883 3.479851e-004
582.509705 4.795605e-003
582.626526 5.703661e-004
582.743286 5.950751e-004
582.860107 2.398832e-003
582.976929 1.113964e-003
583.093750 -9.863009e-004
583.210571 2.052906e-003
583.327393 -2.450309e-004
583.444214 1.632853e-003
583.561035 1.311636e-003
583.677917 -4.179939e-004
583.794739 4.962391e-004
583.911560 2.991848e-003
584.028381 -4.427029e-004
584.145264 2.738581e-004
584.262085 1.534017e-003
584.378967 1.237509e-003
584.495789 3.337774e-003
584.612671 7.433291e-004
584.729492 1.262218e-003
584.846375 4.103753e-003
584.963196 7.618609e-005
585.080078 2.868303e-003
585.196960 -3.932849e-004
585.313843 1.855234e-003
585.430664 3.535446e-003
585.547546 -4.921209e-004
585.664429 6.692021e-004
585.781311 -5.662479e-004
585.898193 4.468211e-004
586.015076 4.894441e-003
586.131958 1.756398e-003
586.248840 3.041266e-003
586.365723 1.781107e-003
586.482666 3.807245e-003
586.599548 -1.727571e-003
586.716431 2.645922e-003
586.833313 1.750221e-004
586.950256 1.534017e-003
587.067139 2.497668e-003
587.184082 -3.438669e-004
587.300964 -5.168299e-004
587.417908 3.411901e-003
587.534790 2.794176e-003
587.651733 3.362483e-003
587.768616 -2.264992e-005
587.885559 2.028197e-003
588.002502 4.375552e-003
588.119446 3.831954e-003
588.236389 3.807245e-003
588.353271 -1.776989e-003
588.470215 1.534017e-003
588.587158 -2.203219e-004
588.704102 -3.685759e-004
588.821045 -2.697399e-004
588.937988 2.670631e-003
589.054993 2.571795e-003
589.171936 -2.264992e-005
589.288879 1.015128e-003
589.405823 -6.897929e-004
589.522766 6.692021e-004
589.639771 7.927471e-004
589.756714 2.744758e-003
589.873718 3.016557e-003
589.990662 2.077615e-003
590.107666 9.410011e-004
590.224609 -9.121739e-004
590.341614 2.003488e-003
590.458557 2.324705e-003
590.575562 -2.944489e-004
590.692566 7.927471e-004
590.809509 2.052906e-003
590.926514 2.059083e-006
591.043518 1.311636e-003
591.160522 2.497668e-003
591.277527 6.939111e-004
591.394531 6.692021e-004
591.511536 7.927471e-004
591.628540 3.974031e-004
591.745544 -8.380469e-004
591.862549 4.004917e-003
591.979553 -1.214859e-004
592.096558 1.089255e-003
592.213623 5.147708e-005
592.330627 -2.264992e-005
592.447632 1.534017e-003
592.564697 2.917721e-003
592.681702 2.744758e-003
592.798767 3.930790e-003
592.915771 -2.944489e-004
593.032837 2.645922e-003
593.149841 2.794176e-003
593.266907 9.193807e-003
593.383972 5.413330e-003
593.500977 5.456571e-004
593.618042 -5.168299e-004
593.735107 3.560155e-003
593.852173 1.608144e-003
593.969238 1.855234e-003
594.086243 6.444931e-004
594.203308 1.608144e-003
594.320374 -1.709039e-004
594.437439 1.781107e-003
594.554565 2.744758e-003
594.671631 9.910368e-003
594.788696 1.756398e-003
594.905762 1.904652e-003
595.022827 9.162921e-004
595.139954 1.855234e-003
595.257019 2.818885e-003
595.374084 9.657101e-004
595.491211 5.209481e-004
595.608276 4.869732e-003
595.725403 5.950751e-004
595.842468 4.375552e-003
595.959595 6.197841e-004
596.076660 2.059083e-006
596.193787 1.385763e-003
596.310913 3.634282e-003
596.428040 5.950751e-004
596.545105 1.138673e-003
596.662231 3.560155e-003
596.779358 -1.060428e-003
596.896484 2.491491e-004
597.013611 7.186201e-004
597.130737 4.993277e-003
597.247864 1.657562e-003
597.364990 1.113964e-003
597.482117 2.497668e-003
597.599243 2.738581e-004
597.716370 5.950751e-004
597.833557 2.571795e-003
597.950684 -4.427029e-004
598.067810 -1.956129e-004
598.184998 2.028197e-003
598.302124 8.421651e-004
598.419250 5.882801e-003
598.536438 4.468211e-004
598.653564 4.499097e-003
598.770752 -9.121739e-004
598.887939 -1.956129e-004
599.005066 5.950751e-004
599.122253 -1.134555e-003
599.239441 1.805816e-003
599.356567 1.756398e-003
599.473755 8.668741e-004
599.590942 1.750221e-004
599.708130 2.003488e-003
599.825317 2.695340e-003
599.942505 4.252007e-003
600.059692 4.715301e-004
600.176880 2.244401e-004
600.294067 1.039837e-003
600.411255 9.904191e-004
600.528442 2.423541e-003
600.645691 1.435181e-003
600.762878 6.197841e-004
600.880066 -1.709039e-004
600.997253 2.028197e-003
601.114502 8.174561e-004
601.231689 3.232761e-004
601.348938 1.336345e-003
601.466125 4.128462e-003
601.583374 -2.944489e-004
601.700562 1.484599e-003
601.817810 1.509308e-003
601.935059 3.041266e-003
602.052246 3.411901e-003
602.169495 2.720049e-003
602.286743 1.138673e-003
602.403992 5.783965e-003
602.521179 1.750221e-004
602.638428 3.461319e-003
602.755676 -6.156659e-004
602.872925 2.491491e-004
602.990173 -6.650839e-004
603.107422 3.807245e-003
603.224670 2.052906e-003
603.341980 6.939111e-004
603.459229 1.435181e-003
603.576477 1.929361e-003
603.693726 1.484599e-003
603.810974 8.421651e-004
603.928284 1.657562e-003
604.045532 2.676808e-005
604.162842 -1.579317e-003
604.280090 1.138673e-003
604.397400 1.509308e-003
604.514648 7.680381e-004
604.631958 1.361054e-003
604.749207 1.583435e-003
604.866516 2.917721e-003
604.983826 3.683700e-003
605.101074 1.256041e-004
605.218384 -1.709039e-004
605.335693 2.151742e-003
605.453003 1.632853e-003
605.570313 7.680381e-004
605.687622 4.400261e-003
605.804932 7.927471e-004
605.922241 1.311636e-003
606.039551 1.558726e-003
606.156860 2.127033e-003
606.274170 1.064546e-003
606.391479 1.534017e-003
606.508789 -9.863009e-004
606.626160 3.807245e-003
606.743469 1.212800e-003
606.860779 3.807245e-003
606.978149 2.738581e-004
607.095459 -2.944489e-004
607.212830 1.954070e-003
607.330139 4.962391e-004
607.447510 5.536875e-003
607.564819 9.162921e-004
607.682190 1.583435e-003
607.799500 2.571795e-003
607.916870 2.448250e-003
608.034241 2.003488e-003
608.151611 2.596504e-003
608.268921 -1.134555e-003
608.386292 2.244401e-004
608.503662 -9.368829e-004
608.621033 4.079044e-003
608.738403 3.115393e-003
608.855774 2.077615e-003
608.973145 3.974031e-004
609.090515 4.103753e-003
609.207886 2.738581e-004
609.325256 1.756398e-003
609.442688 2.176451e-003
609.560059 2.720049e-003
609.677429 2.621213e-003
609.794861 3.831954e-003
609.912231 1.805816e-003
610.029602 2.250578e-003
610.147034 3.090684e-003
610.264404 4.326134e-003
610.381836 2.472959e-003
610.499207 4.962391e-004
610.616638 4.894441e-003
610.734009 3.980208e-003
610.851440 4.845023e-003
610.968872 6.797034e-003
611.086304 6.673489e-003
611.203674 7.884230e-003
611.321106 6.871161e-003
611.438538 7.513595e-003
611.555969 4.128462e-003
611.673401 7.908939e-003
611.790833 3.263647e-003
611.908264 4.672060e-003
612.025696 7.340632e-003
612.143127 4.795605e-003
612.260559 3.164811e-003
612.377991 6.253436e-003
612.495483 1.632853e-003
612.612915 5.685129e-003
612.730347 5.116822e-003
612.847839 4.350843e-003
612.965271 4.715301e-004
613.082703 3.041266e-003
613.200195 3.411901e-003
613.317627 5.536875e-003
613.435120 9.657101e-004
613.552551 9.410011e-004
613.670044 9.410011e-004
613.787537 9.410011e-004
613.904968 1.039837e-003
614.022461 4.153171e-003
614.139954 2.052906e-003
614.257446 4.919150e-003
614.374878 7.186201e-004
614.492371 5.413330e-003
614.609863 2.299996e-003
614.727356 2.324705e-003
614.844849 -2.147624e-003
614.962341 2.547086e-003
615.079834 6.197841e-004
615.197327 1.361054e-003
615.314880 3.708409e-003
615.432373 1.682271e-003
615.549866 4.350843e-003
615.667358 -3.438669e-004
615.784912 3.189520e-003
615.902405 2.670631e-003
616.019897 1.212800e-003
616.137451 3.461319e-003
616.254944 4.962391e-004
616.372498 2.102324e-003
616.489990 2.225869e-003
616.607544 3.016557e-003
616.725037 -3.438669e-004
616.842590 2.423541e-003
616.960144 2.077615e-003
617.077637 3.479851e-004
617.195190 7.433291e-004
617.312744 3.115393e-003
617.430298 2.052906e-003
617.547852 5.956928e-003
617.665405 3.726941e-004
617.782959 3.189520e-003
617.900513 7.680381e-004
618.018066 2.818885e-003
618.135620 -1.214859e-004
618.253174 2.077615e-003
618.370728 6.444931e-004
618.488281 4.597933e-003
618.605835 1.336345e-003
618.723450 2.917721e-003
618.841003 1.657562e-003
618.958557 2.275287e-003
619.076172 4.221121e-004
619.193726 -4.735892e-005
619.311279 -1.035719e-003
619.428894 2.275287e-003
619.546448 2.059083e-006
619.664063 1.781107e-003
619.781677 5.635711e-003
619.899231 1.978779e-003
620.016846 -9.677692e-005
620.134460 6.197841e-004
620.252014 1.756398e-003
620.369629 1.805816e-003
620.487244 1.008951e-004
620.604858 2.868303e-003
620.722473 -2.450309e-004
620.840088 3.263647e-003
620.957703 3.041266e-003
621.075317 1.534017e-003
621.192932 -2.203219e-004
621.310547 5.190949e-003
621.428162 8.915831e-004
621.545776 2.794176e-003
621.663391 1.163382e-003
621.781067 1.361054e-003
621.898682 2.695340e-003
622.016296 3.831954e-003
622.133911 1.706980e-003
622.251587 4.962391e-004
622.369202 1.731689e-003
622.486877 1.262218e-003
622.604492 2.676808e-005
622.722168 6.939111e-004
622.839783 -2.697399e-004
622.957458 4.647351e-003
623.075134 1.015128e-003
623.192749 1.361054e-003
623.310425 -7.206792e-005
623.428101 1.163382e-003
623.545776 1.904652e-003
623.663391 2.102324e-003
623.781067 5.209481e-004
623.898743 1.805816e-003
624.016418 2.893012e-003
624.134094 3.016557e-003
624.251770 4.962391e-004
624.369446 3.232761e-004
624.487122 3.782536e-003
624.604858 2.893012e-003
624.722534 -1.134555e-003
624.840210 2.670631e-003
624.957886 2.250578e-003
625.075562 2.695340e-003
625.193298 3.510737e-003
625.310974 2.151742e-003
625.428711 1.336345e-003
625.546387 2.738581e-004
625.664063 3.313065e-003
625.781799 2.491491e-004
625.899536 2.695340e-003
626.017212 1.262218e-003
626.134949 2.843594e-003
626.252625 4.993277e-003
626.370361 1.089255e-003
626.488098 3.263647e-003
626.605835 -4.674119e-004
626.723511 1.459890e-003
626.841248 2.052906e-003
626.958984 2.676808e-005
627.076721 1.089255e-003
627.194458 9.904191e-004
627.312195 3.807245e-003
627.429932 4.962391e-004
627.547668 1.781107e-003
627.665405 5.586293e-003
627.783142 1.558726e-003
627.900879 -9.677692e-005
628.018677 8.915831e-004
628.136414 2.596504e-003
628.254150 -6.156659e-004
628.371887 5.808674e-003
628.489685 -4.921209e-004
628.607422 -1.974661e-003
628.725220 1.435181e-003
628.842957 7.433291e-004
628.960754 3.881372e-003
629.078491 1.805816e-003
629.196289 3.411901e-003
629.314026 3.436610e-003
629.431824 9.162921e-004
629.549622 2.225869e-003
629.667358 2.250578e-003
629.785156 1.583435e-003
629.902954 3.479851e-004
630.020752 1.089255e-003
630.138550 2.985671e-004
630.256348 3.016557e-003
630.374146 1.064546e-003
630.491943 7.192378e-003
630.609741 1.954070e-003
630.727539 3.609573e-003
630.845337 2.077615e-003
630.963135 3.930790e-003
631.080933 1.558726e-003
631.198730 2.942430e-003
631.316528 1.830525e-003
631.434387 2.645922e-003
631.552185 1.706980e-003
631.669983 4.449679e-003
631.787842 1.904652e-003
631.905640 1.509308e-003
632.023499 1.435181e-003
632.141296 1.558726e-003
632.259155 1.904652e-003
632.376953 3.041266e-003
632.494812 -3.932849e-004
632.612610 2.077615e-003
632.730469 2.299996e-003
632.848328 1.534017e-003
632.966125 3.115393e-003
633.083984 2.127033e-003
633.201843 3.362483e-003
633.319702 4.597933e-003
633.437561 3.535446e-003
633.555420 -2.203219e-004
633.673279 -8.380469e-004
633.791138 3.189520e-003
633.908997 4.919150e-003
634.026855 1.410472e-003
634.144714 4.153171e-003
634.262573 -5.909569e-004
634.380432 1.435181e-003
634.498291 1.113964e-003
634.616211 8.915831e-004
634.734070 2.547086e-003
634.851929 1.657562e-003
634.969788 5.240367e-003
635.087708 2.645922e-003
635.205566 5.703661e-004
635.323486 2.028197e-003
635.441345 2.102324e-003
635.559265 3.232761e-004
635.677124 1.262218e-003
635.795044 1.138673e-003
635.912964 2.127033e-003
636.030823 1.657562e-003
636.148743 -1.727571e-003
636.266663 4.054335e-003
636.384521 1.435181e-003
636.502441 8.668741e-004
636.620361 1.503131e-004
636.738281 -8.874649e-004
636.856201 1.781107e-003
636.974121 1.805816e-003
637.092041 9.657101e-004
637.209961 1.237509e-003
637.327881 2.201160e-003
637.445801 1.997311e-004
637.563721 8.174561e-004
637.681641 2.275287e-003
637.799622 1.503131e-004
637.917542 -1.826407e-003
638.035461 3.726941e-004
638.153381 2.497668e-003
638.271362 -2.697399e-004
638.389282 1.484599e-003
638.507263 3.232761e-004
638.625183 3.708409e-003
638.743103 -5.662479e-004
638.861084 -1.956129e-004
638.979065 1.410472e-003
639.096985 2.720049e-003
639.214966 2.991848e-003
639.332886 3.479851e-004
639.450867 1.138673e-003
639.568848 2.374123e-003
639.686829 1.879943e-003
639.804749 2.225869e-003
639.922729 5.456571e-004
640.040710 2.324705e-003
640.158691 2.596504e-003
640.276672 3.980208e-003
640.394653 2.893012e-003
640.512634 -1.214859e-004
640.630615 3.584864e-003
640.748596 1.064546e-003
640.866577 1.756398e-003
640.984558 2.769467e-003
641.102600 2.491491e-004
641.220581 1.978779e-003
641.338562 3.164811e-003
641.456543 1.212800e-003
641.574585 1.336345e-003
641.692566 5.456571e-004
641.810547 -6.403749e-004
641.928589 4.597933e-003
642.046570 1.262218e-003
642.164612 -2.264992e-005
642.282593 3.479851e-004
642.400635 -2.048788e-003
642.518677 -9.368829e-004
642.636658 1.756398e-003
642.754700 -5.909569e-004
642.872742 1.904652e-003
642.990723 2.497668e-003
643.108765 2.868303e-003
643.226807 -7.639199e-004
643.344849 1.008951e-004
643.462891 -1.208682e-003
643.580933 2.843594e-003
643.698975 1.756398e-003
643.817017 1.459890e-003
643.935059 -1.109846e-003
644.053101 2.738581e-004
644.171143 3.609573e-003
644.289185 3.065975e-003
644.407227 1.534017e-003
644.525269 9.410011e-004
644.643311 9.657101e-004
644.761414 2.497668e-003
644.879456 3.232761e-004
644.997498 2.374123e-003
645.115601 2.201160e-003
645.233643 1.237509e-003
645.351746 -1.875825e-003
645.469788 1.503131e-004
645.587830 2.491491e-004
645.705933 -3.438669e-004
645.824036 1.855234e-003
645.942078 1.484599e-003
646.060181 1.311636e-003
646.178284 6.444931e-004
646.296326 1.459890e-003
646.414429 2.151742e-003
646.532532 2.843594e-003
646.650635 8.174561e-004
646.768677 5.703661e-004
646.886780 2.985671e-004
647.004883 1.509308e-003
647.122986 1.830525e-003
647.241089 -7.206792e-005
647.359192 3.733118e-003
647.477295 1.435181e-003
647.595398 2.868303e-003
647.713501 2.244401e-004
647.831665 1.256041e-004
647.949768 6.444931e-004
648.067871 9.410011e-004
648.185974 1.978779e-003
648.304138 2.102324e-003
648.422241 -2.450309e-004
648.540344 2.102324e-003
648.658508 3.479851e-004
648.776611 2.491491e-004
648.894775 -9.863009e-004
649.012878 3.831954e-003
649.131042 1.459890e-003
649.249146 2.621213e-003
649.367310 1.830525e-003
649.485413 1.138673e-003
649.603577 5.147708e-005
649.721741 2.028197e-003
649.839844 1.237509e-003
649.958008 2.052906e-003
650.076172 -6.897929e-004
650.194336 9.657101e-004
650.312500 1.008951e-004
650.430664 2.059083e-006
650.548767 7.927471e-004
650.666931 -1.461949e-004
650.785095 1.503131e-004
650.903259 2.744758e-003
651.021484 8.668741e-004
651.139648 1.435181e-003
651.257813 3.974031e-004
651.375977 4.474388e-003
651.494141 3.189520e-003
651.612305 1.262218e-003
651.730530 5.147708e-005
651.848694 1.608144e-003
651.966858 2.244401e-004
652.085083 -3.438669e-004
652.203247 2.547086e-003
652.321472 4.548515e-003
652.439636 -4.674119e-004
652.557800 4.468211e-004
652.676025 1.336345e-003
652.794250 1.256041e-004
652.912415 2.670631e-003
653.030640 1.954070e-003
653.148804 2.670631e-003
653.267029 3.411901e-003
653.385254 1.904652e-003
653.503479 3.041266e-003
653.621704 6.939111e-004
653.739868 1.731689e-003
653.858093 2.670631e-003
653.976318 1.929361e-003
654.094543 2.676808e-005
654.212769 2.349414e-003
654.330994 2.472959e-003
654.449219 5.456571e-004
654.567444 2.059083e-006
654.685669 3.411901e-003
654.803894 -2.264992e-005
654.922180 1.904652e-003
655.040405 2.151742e-003
655.158630 -6.156659e-004
655.276855 2.497668e-003
655.395142 7.433291e-004
655.513367 1.954070e-003
655.631592 -1.752280e-003
655.749878 1.089255e-003
655.868103 3.609573e-003
655.986389 2.003488e-003
656.104614 1.113964e-003
656.222900 2.967139e-003
656.341125 1.188091e-003
656.459412 1.879943e-003
656.577637 2.491491e-004
656.695923 -1.406354e-003
656.814209 1.750221e-004
656.932434 1.008951e-004
657.050720 2.991848e-003
657.169006 3.955499e-003
657.287292 1.657562e-003
657.405579 1.632853e-003
657.523865 2.250578e-003
657.642090 5.209481e-004
657.760376 2.225869e-003
657.878662 -2.450309e-004
657.996948 5.438039e-003
658.115234 7.927471e-004
658.233582 1.830525e-003
658.351868 4.103753e-003
658.470154 8.668741e-004
658.588440 -5.909569e-004
658.706726 2.250578e-003
658.825012 2.423541e-003
658.943359 8.668741e-004
659.061646 -9.677692e-005
659.179932 4.721478e-003
659.298279 4.548515e-003
659.416565 3.634282e-003
659.534912 1.558726e-003
659.653198 -1.109846e-003
659.771545 1.262218e-003
659.889832 6.692021e-004
660.008179 -1.678153e-003
660.126465 2.843594e-003
660.244812 1.361054e-003
660.363159 8.915831e-004
660.481445 2.843594e-003
660.599792 3.411901e-003
660.718140 2.769467e-003
660.836487 4.276716e-003
660.954834 3.238938e-003
661.073120 -1.381645e-003
661.191467 3.232761e-004
661.309814 1.608144e-003
661.428162 4.962391e-004
661.546509 3.288356e-003
661.664856 -2.450309e-004
661.783203 2.003488e-003
661.901550 1.410472e-003
662.019897 7.618609e-005
662.138306 1.904652e-003
662.256653 1.682271e-003
662.375000 1.855234e-003
662.493347 -1.214859e-004
662.611755 1.262218e-003
662.730103 2.917721e-003
662.848450 -7.639199e-004
662.966858 -1.529899e-003
663.085205 -5.909569e-004
663.203552 2.942430e-003
663.321960 5.703661e-004
663.440308 1.756398e-003
663.558716 3.658991e-003
663.677124 1.113964e-003
663.795471 -2.697399e-004
663.913879 4.919150e-003
664.032227 9.410011e-004
664.150635 2.275287e-003
664.269043 5.147708e-005
664.387451 1.756398e-003
664.505798 8.915831e-004
664.624207 -6.897929e-004
664.742615 3.560155e-003
664.861023 2.028197e-003
664.979431 2.374123e-003
665.097839 4.221121e-004
665.216248 9.657101e-004
665.334656 1.731689e-003
665.453064 1.904652e-003
665.571472 1.163382e-003
665.689880 -2.944489e-004
665.808289 4.573224e-003
665.926697 1.657562e-003
666.045166 3.584864e-003
666.163574 1.015128e-003
666.281982 6.939111e-004
666.400391 -1.011010e-003
666.518860 2.275287e-003
666.637268 1.188091e-003
666.755676 -1.214859e-004
666.874146 -7.639199e-004
666.992554 5.017986e-003
667.111023 2.299996e-003
667.229431 2.250578e-003
667.347900 2.324705e-003
667.466370 1.706980e-003
667.584778 1.509308e-003
667.703247 7.618609e-005
667.821655 7.680381e-004
667.940125 3.065975e-003
668.058594 1.558726e-003
668.177063 1.311636e-003
668.295471 5.147708e-005
668.413940 -7.145019e-004
668.532410 -1.109846e-003
668.650879 1.361054e-003
668.769348 1.459890e-003
668.887817 1.064546e-003
669.006287 1.262218e-003
669.124756 1.089255e-003
669.243225 2.151742e-003
669.361694 5.456571e-004
669.480164 9.410011e-004
669.598633 -1.109846e-003
669.717102 7.618609e-005
669.835632 2.077615e-003
669.954102 1.805816e-003
670.072571 -2.450309e-004
670.191040 1.608144e-003
670.309570 1.484599e-003
670.428040 2.275287e-003
670.546570 3.757827e-003
670.665039 1.830525e-003
670.783508 2.077615e-003
670.902039 1.781107e-003
671.020508 1.484599e-003
671.139038 1.879943e-003
671.257568 1.311636e-003
671.376038 1.435181e-003
671.494568 -7.639199e-004
671.613037 3.214229e-003
671.731567 1.361054e-003
671.850098 -1.956129e-004
671.968628 3.584864e-003
672.087097 3.726941e-004
672.205627 4.474388e-003
672.324158 2.676808e-005
672.442688 -8.874649e-004
672.561218 2.744758e-003
672.679749 1.256041e-004
672.798279 7.680381e-004
672.916809 4.054335e-003
673.035339 -1.461949e-004
673.153870 5.950751e-004
673.272400 2.052906e-003
673.390930 2.985671e-004
673.509460 3.164811e-003
673.628052 1.509308e-003
673.746582 2.250578e-003
673.865112 9.410011e-004
673.983643 1.929361e-003
674.102234 -1.258100e-003
674.220764 2.991848e-003
674.339294 -1.406354e-003
674.457886 3.535446e-003
674.576416 9.904191e-004
674.695007 1.256041e-004
674.813538 2.102324e-003
674.932129 2.491491e-004
675.050659 1.435181e-003
675.169250 3.387192e-003
675.287781 2.497668e-003
675.406372 -1.956129e-004
675.524963 -9.368829e-004
675.643494 1.731689e-003
675.762085 6.692021e-004
675.880676 2.645922e-003
675.999268 -1.208682e-003
676.117859 1.682271e-003
676.236389 7.315923e-003
676.354980 2.744758e-003
676.473572 2.423541e-003
676.592163 7.927471e-004
676.710754 2.275287e-003
676.829346 1.212800e-003
676.947937 2.571795e-003
677.066528 1.929361e-003
677.185120 7.433291e-004
677.303711 1.385763e-003
677.422363 -6.650839e-004
677.540955 2.967139e-003
677.659546 8.174561e-004
677.778137 1.188091e-003
677.896790 3.609573e-003
678.015381 4.079044e-003
678.133972 1.410472e-003
678.252625 4.400261e-003
678.371216 1.503131e-004
678.489807 1.336345e-003
678.608459 -7.206792e-005
678.727051 6.692021e-004
678.845703 8.174561e-004
678.964294 4.449679e-003
679.082947 3.041266e-003
679.201599 2.398832e-003
679.320190 -1.851116e-003
679.438843 -1.776989e-003
679.557495 -3.438669e-004
679.676086 2.738581e-004
679.794739 2.102324e-003
679.913391 3.232761e-004
680.032043 7.618609e-005
680.150696 5.833383e-003
680.269287 5.147708e-005
680.387939 -2.264992e-005
680.506592 1.682271e-003
680.625244 4.153171e-003
680.743896 3.288356e-003
680.862549 -2.264992e-005
680.981201 1.558726e-003
681.099854 6.692021e-004
681.218506 5.703661e-004
681.337219 -4.674119e-004
681.455872 4.079044e-003
681.574524 1.385763e-003
681.693176 2.127033e-003
681.811829 -3.438669e-004
681.930542 2.225869e-003
682.049194 3.232761e-004
682.167847 2.275287e-003
682.286560 5.147708e-005
682.405212 -6.897929e-004
682.523926 1.558726e-003
682.642578 1.632853e-003
682.761292 1.089255e-003
682.879944 2.250578e-003
682.998657 2.423541e-003
683.117310 1.361054e-003
683.236023 1.188091e-003
683.354675 -1.381645e-003
683.473389 1.459890e-003
683.592102 2.472959e-003
683.710815 1.410472e-003
683.829468 2.423541e-003
683.948181 1.503131e-004
684.066895 -7.886289e-004
684.185608 4.468211e-004
684.304321 -2.246460e-003
684.423035 3.041266e-003
684.541687 2.052906e-003
684.660400 1.608144e-003
684.779114 2.448250e-003
684.897827 1.008951e-004
685.016541 1.262218e-003
685.135315 2.818885e-003
685.254028 -6.650839e-004
685.372742 8.421651e-004
685.491455 4.128462e-003
685.610168 1.929361e-003
685.728882 2.621213e-003
685.847656 -1.109846e-003
685.966370 2.059083e-006
686.085083 1.879943e-003
686.203796 3.313065e-003
686.322571 1.978779e-003
686.441284 -5.415389e-004
686.560059 3.980208e-003
686.678772 2.102324e-003
686.797546 3.510737e-003
686.916260 2.349414e-003
687.035034 2.720049e-003
687.153748 2.621213e-003
687.272522 -8.874649e-004
687.391235 -6.650839e-004
687.510010 1.311636e-003
687.628784 2.003488e-003
687.747498 4.375552e-003
687.866272 1.385763e-003
687.985046 4.252007e-003
688.103821 2.349414e-003
688.222595 2.324705e-003
688.341309 4.103753e-003
688.460083 3.337774e-003
688.578857 2.472959e-003
688.697632 -2.493550e-003
688.816406 1.855234e-003
688.935181 2.522377e-003
689.053955 -1.461949e-004
689.172729 4.301425e-003
689.291504 2.868303e-003
689.410278 1.410472e-003
689.529053 1.830525e-003
689.647888 1.256041e-004
689.766663 -2.944489e-004
689.885437 3.263647e-003
690.004211 -1.709039e-004
690.123047 -9.368829e-004
690.241821 1.015128e-003
690.360596 1.830525e-003
690.479431 2.275287e-003
690.598206 2.127033e-003
690.716980 -1.282809e-003
690.835815 2.720049e-003
690.954590 2.250578e-003
691.073425 2.374123e-003
691.192200 1.163382e-003
691.311035 2.720049e-003
691.429810 -9.615919e-004
691.548645 4.523806e-003
691.667480 1.503131e-004
691.786255 7.618609e-005
691.905090 2.491491e-004
692.023926 7.433291e-004
692.142761 6.197841e-004
692.261536 2.645922e-003
692.380371 1.212800e-003
692.499207 4.715301e-004
692.618042 2.349414e-003
692.736877 3.974031e-004
692.855713 1.311636e-003
692.974548 2.744758e-003
693.093384 -1.461949e-004
693.212219 3.041266e-003
693.331055 -4.427029e-004
693.449890 1.904652e-003
693.568726 2.077615e-003
693.687561 6.846452e-003
693.806396 -1.461949e-004
693.925232 2.052906e-003
694.044067 -4.674119e-004
694.162964 1.311636e-003
694.281799 2.250578e-003
694.400635 -4.921209e-004
694.519470 -1.208682e-003
694.638367 1.756398e-003
694.757202 9.410011e-004
694.876099 4.079044e-003
694.994934 1.089255e-003
695.113770 1.855234e-003
695.232666 -1.604026e-003
695.351501 4.424970e-003
695.470398 2.059083e-006
695.589294 3.479851e-004
695.708130 9.162921e-004
695.827026 1.855234e-003
695.945862 2.818885e-003
696.064758 1.262218e-003
696.183655 3.232761e-004
696.302490 1.188091e-003
696.421387 2.244401e-004
696.540283 -4.179939e-004
696.659180 1.262218e-003
696.778076 1.632853e-003
696.896912 1.929361e-003
697.015808 1.657562e-003
697.134705 1.336345e-003
697.253601 -1.214859e-004
697.372498 1.750221e-004
697.491394 1.805816e-003
697.610291 2.571795e-003
697.729187 1.830525e-003
697.848083 1.781107e-003
697.966980 1.657562e-003
698.085938 9.410011e-004
698.204834 2.497668e-003
698.323730 -1.709039e-004
698.442627 -5.909569e-004
698.561523 -1.233391e-003
698.680481 1.188091e-003
698.799377 -1.134555e-003
698.918274 2.769467e-003
699.037231 8.915831e-004
699.156128 5.456571e-004
699.275024 3.974031e-004
699.393982 1.608144e-003
699.512878 2.028197e-003
699.631836 7.186201e-004
699.750732 2.349414e-003
699.869690 1.509308e-003
699.988586 2.843594e-003
700.107544 6.939111e-004
700.226501 1.262218e-003
700.345398 2.695340e-003
700.464355 3.016557e-003
700.583313 -6.403749e-004
700.702209 3.479851e-004
700.821167 -4.735892e-005
700.940125 1.534017e-003
701.059082 3.881372e-003
701.178040 2.201160e-003
701.296936 5.209481e-004
701.415894 1.089255e-003
701.534851 1.064546e-003
701.653809 1.113964e-003
701.772766 2.275287e-003
701.891724 3.955499e-003
702.010681 8.668741e-004
702.129639 1.317196e-002
702.248596 1.256041e-004
702.367554 1.904652e-003
702.486572 1.484599e-003
702.605530 3.313065e-003
702.724487 -9.368829e-004
702.843445 3.041266e-003
702.962402 3.807245e-003
703.081421 1.731689e-003
703.200378 7.433291e-004
703.319336 4.221121e-004
703.438354 2.868303e-003
703.557312 3.140102e-003
703.676270 8.174561e-004
703.795288 1.904652e-003
703.914246 4.221121e-004
704.033264 5.147708e-005
704.152222 1.978779e-003
704.271240 1.830525e-003
704.390198 -5.415389e-004
704.509216 4.350843e-003
704.628174 -5.662479e-004
704.747192 2.225869e-003
704.866211 -8.380469e-004
704.985168 8.421651e-004
705.104187 6.444931e-004
705.223206 2.374123e-003
705.342224 9.162921e-004
705.461182 9.410011e-004
705.580200 1.503131e-004
705.699219 2.127033e-003
705.818237 1.534017e-003
705.937256 2.176451e-003
706.056274 1.459890e-003
706.175293 5.209481e-004
706.294312 -9.121739e-004
706.413330 1.435181e-003
706.532349 2.522377e-003
706.651367 1.657562e-003
706.770386 4.770896e-003
706.889404 5.265076e-003
707.008423 9.657101e-004
707.127441 2.225869e-003
707.246460 -1.381645e-003
707.365540 1.509308e-003
707.484558 1.632853e-003
707.603577 1.435181e-003
707.722595 2.201160e-003
707.841675 1.997311e-004
707.960693 2.868303e-003
708.079712 1.534017e-003
708.198792 1.484599e-003
708.317810 2.052906e-003
708.436890 -3.685759e-004
708.555908 3.782536e-003
708.674988 5.147708e-005
708.794006 7.680381e-004
708.913086 1.558726e-003
709.032104 2.250578e-003
709.151184 1.008951e-004
709.270203 2.250578e-003
709.389282 1.997311e-004
709.508362 1.237509e-003
709.627380 2.571795e-003
709.746460 3.535446e-003
709.865540 3.560155e-003
709.984619 2.059083e-006
710.103638 2.225869e-003
710.222717 6.549944e-003
710.341797 7.186201e-004
710.460876 2.967139e-003
710.579956 2.491491e-004
710.699036 1.459890e-003
710.818115 5.147708e-005
710.937195 1.188091e-003
711.056274 2.250578e-003
711.175354 5.209481e-004
711.294434 2.985671e-004
711.413513 8.421651e-004
711.532593 3.232761e-004
711.651672 3.634282e-003
711.770752 9.657101e-004
711.889832 4.468211e-004
712.008972 2.201160e-003
712.128052 3.016557e-003
712.247131 5.703661e-004
712.366211 2.670631e-003
712.485352 3.807245e-003
712.604431 -6.650839e-004
712.723511 1.459890e-003
712.842651 2.868303e-003
712.961731 4.962391e-004
713.080872 1.039837e-003
713.199951 2.868303e-003
713.319092 1.008951e-004
713.438171 2.744758e-003
713.557312 1.256041e-004
713.676392 2.942430e-003
713.795532 6.692021e-004
713.914612 7.618609e-005
714.033752 1.262218e-003
714.152893 1.904652e-003
714.271973 4.715301e-004
714.391113 2.003488e-003
714.510254 -4.735892e-005
714.629395 5.209481e-004
714.748474 1.583435e-003
714.867615 4.715301e-004
714.986755 3.090684e-003
715.105896 -5.909569e-004
715.225037 1.361054e-003
715.344177 -1.709039e-004
715.463318 2.472959e-003
715.582397 -2.203219e-004
715.701538 1.188091e-003
715.820679 4.715301e-004
715.939880 3.313065e-003
716.059021 3.658991e-003
716.178162 2.967139e-003
716.297302 1.286927e-003
716.416443 2.472959e-003
716.535583 1.781107e-003
716.654724 9.410011e-004
716.773865 3.974031e-004
716.893066 3.090684e-003
717.012207 1.756398e-003
717.131348 1.262218e-003
717.250488 1.583435e-003
717.369690 -1.505190e-003
717.488831 8.421651e-004
717.608032 1.855234e-003
717.727173 7.927471e-004
717.846313 2.843594e-003
717.965515 3.831954e-003
718.084656 2.868303e-003
718.203857 -8.874649e-004
718.322998 1.188091e-003
718.442200 2.893012e-003
718.561340 1.262218e-003
718.680542 2.244401e-004
718.799744 -4.674119e-004
718.918884 3.906081e-003
719.038086 1.978779e-003
719.157288 2.547086e-003
719.276428 6.444931e-004
719.395630 1.978779e-003
719.514832 8.174561e-004
719.634033 9.410011e-004
719.753235 -7.392109e-004
719.872375 -7.639199e-004
719.991577 1.089255e-003
720.110779 1.015128e-003
720.229980 5.017986e-003
720.349182 1.608144e-003
720.468384 1.781107e-003
720.587585 2.398832e-003
720.706787 1.212800e-003
720.825989 -1.709039e-004
720.945190 3.362483e-003
721.064392 3.288356e-003
721.183594 3.708409e-003
721.302795 -4.427029e-004
721.421997 4.301425e-003
721.541260 -1.406354e-003
721.660461 -1.461949e-004
721.779663 1.361054e-003
721.898865 3.263647e-003
722.018127 8.668741e-004
722.137329 3.263647e-003
722.256531 1.311636e-003
722.375793 9.657101e-004
722.494995 2.448250e-003
722.614197 7.680381e-004
722.733459 -1.233391e-003
722.852661 3.313065e-003
722.971924 -1.956129e-004
723.091125 4.597933e-003
723.210388 1.484599e-003
723.329590 1.336345e-003
723.448853 -7.392109e-004
723.568054 -4.674119e-004
723.687317 8.915831e-004
723.806580 5.950751e-004
723.925781 2.374123e-003
724.045044 4.820314e-003
724.164307 -1.109846e-003
724.283508 2.423541e-003
724.402771 1.608144e-003
724.522034 3.263647e-003
724.641296 3.232761e-004
724.760498 3.362483e-003
724.879761 1.731689e-003
724.999023 2.985671e-004
725.118286 7.927471e-004
725.237549 2.497668e-003
725.356812 2.052906e-003
725.476074 1.731689e-003
725.595337 1.039837e-003
725.714600 1.435181e-003
725.833862 1.534017e-003
725.953125 1.237509e-003
726.072388 2.967139e-003
726.191650 2.676808e-005
726.310913 8.915831e-004
726.430176 1.237509e-003
726.549500 -9.677692e-005
726.668762 3.263647e-003
726.788025 3.486028e-003
726.907288 1.558726e-003
727.026611 4.221121e-004
727.145874 2.472959e-003
727.265137 1.509308e-003
727.384399 3.726941e-004
727.503723 7.927471e-004
727.622986 5.240367e-003
727.742310 -2.697399e-004
727.861572 -6.897929e-004
727.980896 1.256041e-004
728.100159 3.955499e-003
728.219421 -2.370005e-003
728.338745 2.176451e-003
728.458069 1.385763e-003
728.577332 2.794176e-003
728.696655 -8.133379e-004
728.815918 3.560155e-003
728.935242 -1.653444e-003
729.054565 2.448250e-003
729.173828 1.361054e-003
729.293152 -2.264992e-005
729.412476 2.818885e-003
729.531738 5.141531e-003
729.651062 9.657101e-004
729.770386 9.904191e-004
729.889709 3.881372e-003
730.009033 -5.909569e-004
730.128357 -1.925243e-003
730.247620 3.726941e-004
730.366943 4.468211e-004
730.486267 -9.368829e-004
730.605591 6.692021e-004
730.724915 7.618609e-005
730.844238 8.174561e-004
730.963562 9.904191e-004
731.082886 1.361054e-003
731.202209 5.190949e-003
731.321594 -1.956129e-004
731.440918 -1.406354e-003
731.560242 1.608144e-003
731.679565 -3.191579e-004
731.798889 3.461319e-003
731.918213 4.221121e-004
732.037598 2.522377e-003
732.156921 1.534017e-003
732.276245 1.534017e-003
732.395569 -4.735892e-005
732.514954 1.459890e-003
732.634277 2.621213e-003
732.753601 2.423541e-003
732.872986 3.881372e-003
732.992310 2.621213e-003
733.111694 2.028197e-003
733.231018 1.237509e-003
733.350403 1.484599e-003
733.469727 4.227298e-003
733.589111 2.547086e-003
733.708435 3.560155e-003
733.827820 2.893012e-003
733.947144 -1.035719e-003
734.066528 1.608144e-003
734.185913 1.682271e-003
734.305237 9.410011e-004
734.424622 3.980208e-003
734.544006 3.974031e-004
734.663330 1.997311e-004
734.782715 -4.921209e-004
734.902100 9.410011e-004
735.021484 2.818885e-003
735.140808 1.039837e-003
735.260193 -1.406354e-003
735.379578 2.225869e-003
735.498962 -8.627559e-004
735.618347 1.336345e-003
735.737732 2.225869e-003
735.857117 1.509308e-003
735.976501 3.584864e-003
736.095886 2.127033e-003
736.215271 1.459890e-003
736.334656 1.855234e-003
736.454041 -2.944489e-004
736.573425 2.176451e-003
736.692810 -1.214859e-004
736.812195 2.868303e-003
736.931580 2.423541e-003
737.050964 3.479851e-004
737.170410 5.950751e-004
737.289795 2.028197e-003
737.409180 -1.709039e-004
737.528564 1.608144e-003
737.648010 -2.944489e-004
737.767395 -1.214859e-004
737.886780 -2.493550e-003
738.006165 1.262218e-003
738.125610 -2.697399e-004
738.244995 -8.627559e-004
738.364441 3.479851e-004
738.483826 2.324705e-003
738.603271 1.904652e-003
738.722656 3.535446e-003
738.842041 5.166240e-003
738.961487 9.904191e-004
739.080933 -1.233391e-003
739.200317 9.410011e-004
739.319763 2.003488e-003
739.439148 1.212800e-003
739.558594 3.807245e-003
739.678040 4.845023e-003
739.797424 -7.361223e-003
739.916870 -5.928101e-003
740.036316 -5.013868e-003
740.155701 -5.433921e-003
740.275146 -8.596673e-003
740.394592 -4.371434e-003