"Date:20221028 Time:13291513 Average:1 IntegrTime:1.000000 Instrum:CCS100"
XY 3648
321.491425 1.399575e-002
321.599548 3.821624e-003
321.707672 1.488155e-002
321.815796 -4.201255e-003
321.923920 4.555578e-004
322.032043 8.604981e-004
322.140198 1.062968e-002
322.248322 -1.569143e-003
322.356476 9.921037e-003
322.464630 3.467301e-003
322.572784 1.812108e-002
322.680939 5.061754e-003
322.789124 6.276574e-003
322.897278 5.340150e-003
323.005463 1.113586e-002
323.113647 5.213606e-003
323.221832 4.302490e-004
323.330017 7.035837e-003
323.438232 6.782750e-003
323.546417 8.604981e-004
323.654633 3.239522e-003
323.762848 3.441992e-003
323.871063 5.314841e-003
323.979279 1.432476e-002
324.087494 7.668556e-003
324.195740 1.151549e-002
324.303955 4.454343e-003
324.412201 1.928528e-002
324.520447 9.490788e-003
324.628693 4.884592e-003
324.736969 -2.783964e-004
324.845215 1.556489e-002
324.953491 4.403725e-003
325.061737 1.176858e-002
325.170013 1.338834e-002
325.278290 8.807451e-003
325.386597 1.586860e-002
325.494873 4.808666e-004
325.603180 4.682122e-003
325.711456 7.820409e-003
325.819763 1.283154e-002
325.928070 9.440170e-003
326.036407 2.910508e-003
326.144714 1.571674e-002
326.253021 1.027536e-002
326.361359 6.048795e-003
326.469696 1.485625e-002
326.578033 7.845717e-003
326.686371 2.758656e-003
326.794708 1.002227e-002
326.903076 3.872241e-003
327.011444 5.162988e-003
327.119781 1.267969e-002
327.228149 4.378417e-003
327.336517 3.416684e-003
327.444916 1.680502e-002
327.553284 -2.530877e-005
327.661682 1.470439e-002
327.770081 2.528346e-002
327.878448 4.537862e-002
327.986877 1.731120e-002
328.095276 -8.858069e-004
328.203674 1.267969e-002
328.312103 9.364244e-003
328.420502 2.657420e-003
328.528931 9.617332e-004
328.637360 -3.846933e-003
328.745789 1.027536e-002
328.854248 3.543227e-003
328.962677 5.795707e-003
329.071136 5.567929e-003
329.179596 2.176554e-003
329.288055 -6.681514e-003
329.396515 1.030067e-002
329.504974 1.485625e-002
329.613464 1.113586e-002
329.721924 1.743774e-002
329.830414 5.891881e-002
329.938904 7.007997e-002
330.047394 2.756125e-002
330.155884 1.012351e-003
330.264404 5.643855e-003
330.372894 1.505872e-002
330.481415 7.820409e-003
330.589935 5.061754e-003
330.698456 1.007289e-002
330.806976 1.019943e-002
330.915497 1.149018e-002
331.024048 1.035129e-002
331.132568 2.556185e-003
331.241119 6.833367e-003
331.349670 1.035129e-002
331.458221 1.100931e-002
331.566803 5.669164e-003
331.675354 1.100931e-002
331.783936 1.298340e-002
331.892487 8.124114e-003
332.001068 8.604981e-003
332.109650 9.490788e-003
332.218262 5.061754e-003
332.326843 3.846933e-003
332.435455 8.706216e-003
332.544037 1.100931e-002
332.652649 5.441385e-003
332.761261 4.074711e-003
332.869873 1.270500e-002
332.978516 4.429034e-003
333.087128 4.530269e-003
333.195770 9.414861e-003
333.304413 -3.315449e-003
333.413055 4.555578e-003
333.521698 -3.264831e-003
333.630341 7.415469e-003
333.738983 6.656206e-003
333.847656 5.517311e-003
333.956329 1.432476e-002
334.065002 8.005163e-002
334.173676 1.274803e-001
334.282349 7.729297e-002
334.391022 1.822231e-002
334.499725 1.877910e-002
334.608398 2.100628e-003
334.717102 7.693865e-003
334.825806 4.631504e-003
334.934509 2.356246e-002
335.043243 2.935817e-003
335.151947 3.011743e-003
335.260681 1.171796e-002
335.369415 9.136464e-003
335.478149 1.475501e-002
335.586884 8.832759e-003
335.695618 9.161774e-003
335.804352 7.744483e-003
335.913116 1.154080e-002
336.021881 5.238915e-003
336.130615 1.143956e-002
336.239380 8.832759e-003
336.348175 1.088277e-003
336.456940 1.627354e-002
336.565735 1.288216e-002
336.674500 7.871026e-003
336.783295 -3.745697e-003
336.892090 3.720389e-003
337.000885 3.037052e-003
337.109680 2.050010e-003
337.218506 6.656206e-003
337.327301 9.465479e-003
337.436127 1.569143e-002
337.544952 1.045252e-002
337.653778 6.200648e-003
337.762604 1.128771e-002
337.871460 1.753898e-002
337.980286 9.136464e-003
338.089142 3.922859e-003
338.197998 6.352501e-003
338.306854 1.323649e-002
338.415710 6.023487e-003
338.524567 4.150638e-003
338.633453 1.467908e-002
338.742310 2.530877e-005
338.851196 -4.125329e-003
338.960083 1.260377e-002
339.068970 6.276574e-003
339.177856 8.908686e-003
339.286774 5.238915e-003
339.395660 1.141425e-002
339.504578 1.088277e-003
339.613495 4.302491e-003
339.722412 -3.087670e-003
339.831329 2.961126e-003
339.940247 3.315449e-003
340.049194 7.238308e-003
340.158112 2.505568e-003
340.267059 8.073497e-003
340.376007 1.627354e-002
340.484955 1.728589e-002
340.593903 9.921037e-003
340.702881 -3.796315e-004
340.811829 8.048188e-003
340.920807 1.417291e-003
341.029785 1.009820e-002
341.138763 -2.252480e-003
341.247742 9.845111e-003
341.356750 5.998178e-003
341.465729 1.197105e-002
341.574738 2.530877e-004
341.683716 1.465378e-002
341.792725 -1.341365e-003
341.901733 1.186981e-002
342.010773 4.555578e-003
342.119781 9.364244e-003
342.228821 1.019943e-002
342.337830 2.444827e-002
342.446869 8.883378e-003
342.555908 7.871026e-003
342.664978 -6.580279e-004
342.774017 9.516097e-003
342.883057 9.845111e-003
342.992126 6.074104e-003
343.101196 6.554971e-003
343.210266 9.161774e-003
343.319336 1.343895e-002
343.428406 6.985220e-003
343.537506 3.315449e-003
343.646576 1.214821e-002
343.755676 9.212391e-003
343.864777 2.809273e-003
343.973877 6.048795e-003
344.082977 1.295809e-002
344.192078 -2.783964e-004
344.301208 8.275967e-003
344.410339 1.111055e-002
344.519440 4.555578e-003
344.628571 9.440170e-003
344.737701 1.369204e-002
344.846863 2.783964e-003
344.955994 3.290140e-003
345.065155 6.732132e-003
345.174286 7.010528e-003
345.283447 8.529054e-003
345.392609 2.454950e-003
345.501770 6.554971e-003
345.610962 6.276574e-003
345.720123 5.998178e-003
345.829315 6.048795e-003
345.938507 6.681514e-003
346.047699 1.275562e-002
346.156891 1.460316e-002
346.266083 4.530269e-003
346.375305 7.212999e-003
346.484497 6.959911e-003
346.593719 2.328407e-003
346.702942 1.500810e-002
346.812164 6.403118e-003
346.921387 -7.845717e-004
347.030609 7.263616e-003
347.139862 1.290747e-003
347.249084 5.466694e-003
347.358337 1.427414e-002
347.467590 1.113586e-002
347.576843 1.961429e-002
347.686096 8.048188e-003
347.795380 1.870318e-002
347.904633 1.098400e-002
348.013916 1.009820e-002
348.123199 1.720996e-003
348.232483 2.130998e-002
348.341766 2.530877e-003
348.451050 3.644462e-003
348.560364 -3.037052e-004
348.669678 -3.441992e-003
348.778961 1.075623e-002
348.888275 -6.580279e-004
348.997589 7.010528e-003
349.106934 -2.227172e-003
349.216248 6.099413e-003
349.325562 9.769184e-003
349.434906 1.594452e-003
349.544250 1.503341e-002
349.653595 6.909294e-003
349.762939 9.465479e-003
349.872284 5.162988e-003
349.981659 -2.075319e-003
350.091003 5.517311e-003
350.200378 7.592630e-003
350.309753 9.516097e-003
350.419128 1.105993e-002
350.528503 7.314234e-003
350.637909 1.057906e-002
350.747284 1.705811e-002
350.856689 7.997571e-003
350.966095 9.743875e-003
351.075500 3.264831e-003
351.184906 8.149423e-003
351.294312 9.212391e-003
351.403748 1.472970e-002
351.513153 1.273031e-002
351.622589 7.491395e-003
351.732025 1.212290e-002
351.841461 1.265438e-004
351.950897 1.025005e-002
352.060333 7.314234e-003
352.169800 7.466086e-003
352.279236 2.009516e-002
352.388702 6.757441e-003
352.498169 1.429945e-002
352.607635 3.821624e-003
352.717102 1.969022e-002
352.826599 9.288318e-003
352.936066 2.961126e-003
353.045563 1.627354e-002
353.155060 3.441992e-003
353.264557 5.137680e-003
353.374054 6.377809e-003
353.483551 5.567929e-003
353.593079 5.871634e-003
353.702576 5.390767e-003
353.812103 8.048188e-003
353.921631 8.984612e-003
354.031158 1.186981e-002
354.140686 6.985220e-003
354.250244 -2.176554e-003
354.359772 7.415469e-003
354.469330 1.569143e-003
354.578888 1.146487e-002
354.688446 1.862725e-002
354.798004 5.289532e-003
354.907562 7.845717e-003
355.017120 2.404333e-003
355.126709 6.251265e-003
355.236298 1.212290e-002
355.345886 6.883984e-003
355.455475 4.125329e-003
355.565063 9.769184e-003
355.674652 6.453736e-003
355.784271 8.149423e-003
355.893860 -2.252480e-003
356.003479 2.303098e-003
356.113098 6.883984e-003
356.222717 1.953837e-002
356.332336 1.391982e-003
356.441986 3.846933e-003
356.551605 9.338935e-003
356.661255 6.200648e-003
356.770905 1.212290e-002
356.880524 9.364244e-003
356.990204 7.946953e-003
357.099854 3.391375e-003
357.209503 5.896943e-003
357.319183 7.744483e-003
357.428864 1.237599e-002
357.538513 -2.480259e-003
357.648193 5.365459e-003
357.757904 1.371735e-002
357.867584 9.212391e-003
357.977264 9.870419e-004
358.086975 1.769083e-002
358.196686 7.845717e-004
358.306396 2.961126e-003
358.416107 3.745697e-003
358.525818 6.858676e-003
358.635529 9.060538e-003
358.745270 4.454343e-003
358.855011 2.050010e-003
358.964722 3.973477e-003
359.074463 1.146487e-002
359.184204 5.340150e-003
359.293976 -8.098806e-004
359.403717 6.909294e-003
359.513489 1.999393e-003
359.623230 1.867787e-002
359.733002 7.187690e-003
359.842773 7.592630e-005
359.952545 6.150031e-003
360.062347 6.074104e-003
360.172119 1.470439e-002
360.281921 8.604981e-003
360.391724 5.567929e-004
360.501495 7.744483e-003
360.611298 2.379024e-003
360.721130 -3.669771e-003
360.830933 1.328710e-002
360.940765 9.440170e-003
361.050568 2.606803e-003
361.160400 3.112978e-003
361.270233 4.783357e-003
361.380066 7.187690e-003
361.489899 -1.012351e-004
361.599762 1.313525e-002
361.709595 8.503745e-003
361.819458 1.161672e-002
361.929321 3.948167e-003
362.039185 3.112978e-003
362.149048 1.369204e-002
362.258911 1.007289e-002
362.368805 2.252480e-003
362.478668 9.440170e-003
362.588562 6.327192e-004
362.698456 5.871634e-003
362.808350 7.466086e-003
362.918243 -1.974084e-003
363.028137 4.302491e-003
363.138062 8.579672e-003
363.247955 1.860194e-002
363.357880 4.049403e-004
363.467804 8.933995e-003
363.577728 9.009921e-003
363.687653 7.288925e-003
363.797607 1.184450e-002
363.907532 4.631504e-003
364.017487 4.783357e-003
364.127441 5.365459e-003
364.237396 1.166734e-002
364.347351 7.212999e-003
364.457306 1.298340e-002
364.567261 3.644462e-003
364.677246 4.833974e-003
364.787231 8.098805e-003
364.897186 9.490788e-003
365.007172 1.308463e-002
365.117157 1.391982e-002
365.227173 1.078153e-002
365.337158 1.022474e-002
365.447174 1.222413e-002
365.557159 1.012351e-004
365.667175 5.846325e-003
365.777191 7.364851e-003
365.887238 2.657420e-003
365.997253 1.030067e-002
366.107269 3.517919e-003
366.217316 7.719174e-003
366.327362 1.432476e-002
366.437408 7.744483e-003
366.547455 -3.543228e-004
366.657501 1.227475e-002
366.767548 1.060437e-002
366.877625 7.010528e-003
366.987671 6.453736e-003
367.097748 -1.290747e-003
367.207825 1.257846e-002
367.317902 5.162988e-003
367.427979 -4.302490e-004
367.538086 1.796922e-003
367.648163 5.314841e-004
367.758270 1.523588e-002
367.868378 4.251873e-003
367.978485 1.093339e-002
368.088593 2.986435e-003
368.198700 5.289532e-003
368.308807 -1.012351e-004
368.418945 6.554971e-003
368.529083 5.719781e-003
368.639191 2.910508e-003
368.749329 1.009820e-002
368.859497 3.948167e-003
368.969635 4.758048e-003
369.079773 4.530269e-003
369.189941 3.138287e-003
369.300110 9.667949e-003
369.410248 5.340150e-003
369.520416 5.871634e-003
369.630615 5.618546e-003
369.740784 4.024094e-003
369.850952 1.417291e-002
369.961151 -5.061753e-005
370.071350 1.300871e-002
370.181549 1.346426e-002
370.291748 7.390160e-003
370.401947 3.543227e-003
370.512146 3.037052e-003
370.622375 6.554971e-003
370.732574 1.551427e-002
370.842804 6.327192e-003
370.953033 6.909294e-003
371.063263 1.343895e-002
371.173492 3.087670e-003
371.283752 1.647601e-002
371.393982 2.176554e-003
371.504242 5.795707e-003
371.614471 5.289532e-003
371.724731 7.617939e-003
371.834991 1.586860e-002
371.945282 1.359081e-002
372.055542 1.622292e-002
372.165833 1.493217e-002
372.276093 2.530877e-004
372.386383 8.250658e-003
372.496674 1.515995e-002
372.606964 2.530877e-004
372.717255 1.214821e-002
372.827576 3.669771e-003
372.937866 -2.024701e-004
373.048187 1.222413e-002
373.158508 1.080684e-002
373.268829 1.303401e-002
373.379150 8.149423e-003
373.489471 1.665317e-002
373.599823 2.530877e-005
373.710144 1.138894e-003
373.820496 2.143653e-002
373.930847 2.328407e-003
374.041199 6.883984e-003
374.151550 6.200648e-003
374.261902 5.719781e-003
374.372253 3.720389e-003
374.482635 1.670379e-002
374.593018 1.154080e-002
374.703400 9.921037e-003
374.813782 1.209759e-002
374.924164 5.770399e-003
375.034546 -2.935817e-003
375.144928 1.619761e-003
375.255341 8.807451e-003
375.365753 1.569143e-003
375.476166 1.113586e-002
375.586578 6.833367e-003
375.696991 5.061754e-003
375.807404 7.390160e-003
375.917816 3.846933e-003
376.028259 3.695080e-003
376.138702 1.508403e-002
376.249146 1.645070e-003
376.359589 3.492610e-003
376.470032 5.998178e-003
376.580475 7.238308e-003
376.690948 1.164203e-002
376.801392 1.295809e-002
376.911865 1.295809e-002
377.022339 4.555578e-003
377.132813 1.295809e-002
377.243286 1.131302e-002
377.353760 7.339542e-003
377.464264 8.351893e-003
377.574738 6.858676e-003
377.685242 2.530877e-003
377.795746 5.365459e-003
377.906250 6.453736e-003
378.016754 3.948167e-003
378.127289 1.197105e-002
378.237793 1.391982e-003
378.348328 1.366673e-003
378.458862 1.771614e-004
378.569366 3.138287e-003
378.679932 5.264224e-003
378.790466 1.695687e-003
378.901001 4.378417e-003
379.011566 3.138287e-003
379.122101 1.149018e-002
379.232666 8.402511e-003
379.343231 4.732740e-003
379.453796 7.744483e-003
379.564362 -1.822231e-003
379.674927 7.212999e-003
379.785522 8.402511e-003
379.896118 8.200040e-003
380.006683 1.417291e-002
380.117279 1.194574e-002
380.227875 7.516704e-003
380.338470 1.136364e-002
380.449097 4.277182e-003
380.559692 2.708038e-003
380.670319 8.022879e-003
380.780945 6.074104e-004
380.891571 1.465378e-002
381.002197 2.758656e-003
381.112823 2.682729e-003
381.223450 5.441385e-003
381.334106 -6.833367e-004
381.444733 6.656206e-003
381.555389 1.794391e-002
381.666046 5.542620e-003
381.776703 5.643855e-003
381.887360 -7.010528e-003
381.998047 1.062968e-002
382.108704 8.554364e-003
382.219391 5.719781e-003
382.330048 -3.568536e-003
382.440735 4.429034e-003
382.551422 1.209759e-002
382.662140 9.035230e-003
382.772827 6.630897e-003
382.883514 4.150638e-003
382.994232 1.796922e-003
383.104950 -6.074104e-004
383.215668 1.298340e-002
383.326385 1.796922e-003
383.437103 1.414760e-002
383.547821 9.516097e-003
383.658569 1.237599e-002
383.769287 -3.315449e-003
383.880035 1.318587e-002
383.990784 1.179389e-002
384.101532 6.554971e-003
384.212280 5.896943e-003
384.323059 1.273031e-002
384.433807 9.743875e-003
384.544586 8.908686e-003
384.655365 1.346426e-002
384.766113 3.998785e-003
384.876923 1.688095e-002
384.987701 4.504960e-003
385.098480 1.703280e-002
385.209290 8.933995e-003
385.320068 1.212290e-002
385.430878 1.030067e-002
385.541687 8.124114e-003
385.652496 9.414861e-003
385.763306 -3.897550e-003
385.874115 1.731120e-002
385.984955 5.896943e-003
386.095764 -3.543228e-004
386.206604 1.543835e-003
386.317444 9.212391e-003
386.428284 7.339542e-004
386.539124 7.592630e-003
386.649994 1.012351e-003
386.760834 1.123709e-002
386.871704 2.530877e-003
386.982544 4.175947e-003
387.093414 1.543835e-003
387.204285 2.758656e-003
387.315155 2.783964e-003
387.426056 1.138894e-003
387.536926 5.593237e-003
387.647827 -2.404333e-003
387.758698 6.150031e-003
387.869598 1.872849e-003
387.980499 2.885199e-003
388.091400 9.389552e-003
388.202332 3.366066e-003
388.313232 4.024094e-003
388.424164 4.429034e-003
388.535065 -4.353108e-003
388.645996 1.645070e-003
388.756927 1.672909e-002
388.867859 4.555578e-003
388.978821 2.125936e-003
389.089752 1.796922e-003
389.200714 1.255315e-002
389.311646 -1.265438e-003
389.422607 1.642539e-002
389.533569 1.379328e-002
389.644531 9.819802e-003
389.755493 1.030067e-002
389.866486 2.024701e-004
389.977448 1.057906e-002
390.088440 1.455254e-002
390.199432 -5.188297e-003
390.310425 1.075623e-002
390.421417 9.085847e-003
390.532410 6.909294e-003
390.643433 6.580279e-004
390.754425 2.454950e-003
390.865448 9.490788e-003
390.976440 1.002227e-002
391.087463 6.630897e-003
391.198517 6.150031e-003
391.309540 5.846325e-003
391.420563 1.343895e-002
391.531616 1.391982e-003
391.642639 1.822231e-003
391.753693 6.757441e-003
391.864746 4.833974e-003
391.975800 -4.707430e-003
392.086853 7.263616e-003
392.197906 -4.555578e-003
392.308990 5.441385e-003
392.420074 7.339542e-003
392.531128 9.870419e-004
392.642212 1.280624e-002
392.753296 3.037052e-003
392.864380 4.049403e-004
392.975494 7.592630e-004
393.086578 6.656206e-003
393.197693 9.845111e-003
393.308807 1.341365e-003
393.419891 9.921037e-003
393.531006 1.265438e-004
393.642151 1.100931e-002
393.753265 1.078153e-002
393.864380 1.394513e-002
393.975525 7.744483e-003
394.086670 9.288318e-003
394.197784 8.427819e-003
394.308929 1.343895e-002
394.420105 1.022474e-002
394.531250 3.695080e-003
394.642395 8.807451e-003
394.753571 -1.012351e-004
394.864716 5.188297e-003
394.975891 4.100020e-003
395.087067 9.465479e-003
395.198242 -1.265438e-004
395.309448 8.680907e-003
395.420624 1.232537e-002
395.531799 9.996963e-003
395.643005 5.390767e-003
395.754211 -6.580279e-004
395.865417 3.543228e-004
395.976624 -5.821016e-004
396.087830 2.125936e-003
396.199036 -1.771614e-003
396.310272 1.222413e-002
396.421509 1.310994e-002
396.532715 7.440777e-003
396.643951 -5.314841e-004
396.755188 3.214213e-003
396.866425 -4.935210e-003
396.977692 3.163596e-003
397.088928 -9.364244e-004
397.200195 1.364143e-002
397.311462 2.252480e-003
397.422699 2.487852e-002
397.533966 9.490788e-003
397.645264 -1.720996e-003
397.756531 9.440170e-003
397.867798 1.214821e-002
397.979095 7.390160e-003
398.090363 4.479652e-003
398.201660 -1.164203e-003
398.312958 4.656813e-003
398.424255 1.176858e-002
398.535583 9.693258e-003
398.646881 2.184147e-002
398.758209 1.822231e-003
398.869507 9.743875e-003
398.980835 1.581798e-002
399.092163 3.846933e-003
399.203491 1.040190e-002
399.314819 6.124721e-003
399.426178 2.037356e-002
399.537506 7.339542e-003
399.648865 5.821017e-003
399.760193 8.174731e-003
399.871552 1.457785e-002
399.982910 -1.007289e-002
400.094299 6.099413e-003
400.205658 1.113586e-003
400.317017 6.453736e-003
400.428406 4.555578e-003
400.539795 5.947560e-003
400.651184 1.050314e-002
400.762573 3.517919e-003
400.873962 1.746305e-003
400.985352 5.694473e-003
401.096741 8.453128e-003
401.208160 5.011136e-003
401.319580 1.030067e-002
401.430969 9.743875e-003
401.542389 1.179389e-002
401.653839 1.062968e-003
401.765259 7.061146e-003
401.876678 -8.908686e-003
401.988129 -7.288925e-003
402.099548 1.326179e-002
402.210999 6.706823e-003
402.322449 2.077850e-002
402.433899 -2.935817e-003
402.545349 4.808666e-003
402.656830 6.934602e-003
402.768280 4.429034e-003
402.879761 -1.796922e-003
402.991211 6.200648e-003
403.102692 1.632416e-002
403.214172 3.695080e-003
403.325653 9.440170e-003
403.437164 3.948167e-003
403.548645 1.318587e-002
403.660156 1.510933e-002
403.771637 1.002227e-002
403.883148 1.637477e-002
403.994659 1.192043e-002
404.106171 1.293278e-002
404.217712 9.237700e-003
404.329224 -9.870419e-004
404.440735 4.024094e-003
404.552277 5.061753e-005
404.663818 4.808666e-003
404.775360 4.226564e-003
404.886902 1.614699e-002
404.998444 7.795100e-003
405.109985 8.706216e-003
405.221558 1.217352e-002
405.333099 4.201255e-003
405.444672 4.302491e-003
405.556244 1.073092e-002
405.667816 3.492610e-003
405.779388 1.055376e-002
405.890961 1.186981e-002
406.002563 -2.530877e-005
406.114136 1.285685e-002
406.225739 1.308463e-002
406.337341 1.738712e-002
406.448944 8.630290e-003
406.560547 6.479044e-003
406.672150 2.379024e-003
406.783783 7.466086e-003
406.895386 2.935817e-003
407.007019 2.708038e-003
407.118622 9.338935e-003
407.230255 -1.138894e-003
407.341888 6.428427e-003
407.453552 5.087062e-003
407.565186 9.693258e-003
407.676819 9.946345e-003
407.788483 -3.568536e-003
407.900146 9.338935e-003
408.011810 6.377809e-003
408.123474 2.024701e-004
408.235138 -3.011743e-003
408.346802 8.984612e-003
408.458466 -4.808666e-004
408.570160 2.452420e-002
408.681854 8.225350e-003
408.793518 2.379024e-002
408.905212 8.782142e-003
409.016907 1.581798e-002
409.128632 -7.592630e-005
409.240326 1.574205e-002
409.352020 6.656206e-003
409.463745 -8.200040e-003
409.575470 1.510933e-002
409.687195 6.023487e-003
409.798920 1.670379e-003
409.910645 3.467301e-003
410.022369 -4.935210e-003
410.134094 -1.822231e-003
410.245850 1.369204e-002
410.357605 3.543228e-004
410.469330 9.136464e-003
410.581085 9.769184e-003
410.692871 4.049403e-003
410.804626 -2.859891e-003
410.916382 1.629885e-002
411.028168 1.179389e-002
411.139923 2.986435e-003
411.251709 7.212999e-003
411.363495 8.275967e-003
411.475281 1.543835e-002
411.587067 1.531180e-002
411.698853 3.011743e-003
411.810669 3.138287e-003
411.922455 8.478437e-003
412.034271 1.515995e-002
412.146088 -1.341365e-003
412.257904 1.078153e-002
412.369720 5.036444e-003
412.481537 1.822231e-002
412.593384 2.935817e-003
412.705200 5.162988e-003
412.817047 1.257846e-002
412.928864 1.169265e-002
413.040710 1.090808e-002
413.152557 4.833974e-003
413.264435 6.985220e-003
413.376282 5.466694e-003
413.488129 6.200648e-003
413.600006 1.022474e-002
413.711884 1.080684e-002
413.823730 2.528346e-002
413.935608 9.111156e-003
414.047516 1.159141e-002
414.159393 1.002227e-002
414.271271 1.030067e-002
414.383179 2.910508e-003
414.495056 1.794391e-002
414.606964 1.614699e-002
414.718872 5.618546e-003
414.830780 4.479652e-003
414.942688 5.770399e-003
415.054626 3.391375e-003
415.166534 1.090808e-002
415.278473 7.364851e-003
415.390381 5.061754e-003
415.502319 6.276574e-003
415.614258 1.156611e-002
415.726196 1.235068e-002
415.838135 -6.074104e-004
415.950104 8.402511e-003
416.062042 6.808058e-003
416.174011 1.035129e-002
416.285980 6.099413e-003
416.397949 8.604981e-003
416.509918 5.618546e-003
416.621887 8.554364e-003
416.733856 7.137072e-003
416.845825 7.010528e-003
416.957825 1.245191e-002
417.069824 1.559020e-002
417.181824 9.161774e-003
417.293823 8.098805e-003
417.405823 5.896943e-003
417.517822 1.164203e-002
417.629822 6.276574e-003
417.741852 3.745697e-003
417.853851 3.998785e-003
417.965881 8.250658e-003
418.077911 3.821624e-003
418.189941 7.769791e-003
418.301971 -7.845717e-004
418.414001 7.339542e-004
418.526062 8.706216e-003
418.638092 7.567321e-003
418.750153 2.581494e-003
418.862213 1.602045e-002
418.974274 4.530269e-003
419.086334 9.288318e-003
419.198395 -7.111764e-003
419.310455 2.859891e-003
419.422546 5.289532e-003
419.534637 1.080684e-002
419.646698 1.893096e-002
419.758789 1.470439e-002
419.870880 8.680907e-003
419.982971 1.025005e-002
420.095093 6.301883e-003
420.207184 9.693258e-003
420.319275 4.580887e-003
420.431396 7.921644e-003
420.543518 1.336303e-002
420.655640 1.984207e-002
420.767761 -4.606196e-003
420.879883 1.161672e-002
420.992004 5.998178e-003
421.104156 2.125936e-003
421.216278 8.680907e-003
421.328430 5.567929e-003
421.440582 1.189512e-003
421.552734 3.441992e-003
421.664886 1.030067e-002
421.777039 1.159141e-002
421.889221 1.435007e-002
422.001373 1.346426e-002
422.113556 -5.567929e-004
422.225739 1.040190e-002
422.337891 9.845111e-003
422.450073 9.693258e-003
422.562286 -1.569143e-003
422.674469 4.378417e-003
422.786652 7.516704e-003
422.898865 1.536242e-002
423.011078 5.264224e-003
423.123260 -1.493217e-003
423.235474 4.403725e-003
423.347687 5.238915e-003
423.459930 -1.872849e-003
423.572144 7.061146e-003
423.684357 1.796922e-003
423.796600 1.731120e-002
423.908844 -2.024701e-003
424.021088 5.036444e-003
424.133331 2.353715e-003
424.245575 -6.479044e-003
424.357819 8.706216e-003
424.470062 -2.708038e-003
424.582336 2.105689e-002
424.694580 5.618546e-003
424.806854 1.847540e-003
424.919128 6.934602e-003
425.031403 4.656813e-003
425.143677 2.303098e-003
425.255981 1.062968e-003
425.368256 7.061146e-003
425.480560 1.672909e-002
425.592834 8.250658e-003
425.705139 -3.239522e-003
425.817444 1.045252e-002
425.929749 7.896335e-003
426.042053 1.708342e-002
426.154388 1.771614e-004
426.266693 3.720389e-003
426.379028 9.516097e-003
426.491333 1.083215e-002
426.603668 4.100020e-003
426.716003 1.427414e-002
426.828339 1.465378e-002
426.940674 7.162381e-003
427.053040 -5.567929e-004
427.165375 1.612168e-002
427.277740 1.384390e-002
427.390106 8.807451e-003
427.502472 -1.113586e-003
427.614838 3.239522e-003
427.727203 1.493217e-002
427.839569 5.087062e-003
427.951935 1.720996e-003
428.064331 6.352501e-003
428.176727 8.174731e-003
428.289093 6.074104e-004
428.401489 8.124114e-003
428.513885 1.424884e-002
428.626312 8.655598e-003
428.738708 1.240130e-003
428.851105 7.086455e-004
428.963531 4.909901e-003
429.075958 1.202166e-002
429.188354 1.627354e-002
429.300781 3.214213e-003
429.413208 -1.012351e-004
429.525665 6.377809e-003
429.638092 3.821624e-003
429.750519 6.959911e-003
429.862976 1.672909e-002
429.975433 -6.554971e-003
430.087891 1.252784e-002
430.200348 1.184450e-002
430.312805 1.412229e-002
430.425262 6.782750e-003
430.537720 1.209759e-002
430.650208 4.884592e-003
430.762665 1.232537e-002
430.875153 1.116117e-002
430.987640 1.116117e-002
431.100128 6.808058e-003
431.212616 -6.833367e-004
431.325134 5.416076e-003
431.437622 7.921644e-003
431.550110 3.441992e-003
431.662628 4.403725e-003
431.775146 -4.049403e-003
431.887665 4.378417e-003
432.000183 1.313525e-002
432.112701 5.618546e-003
432.225220 8.604981e-004
432.337769 -3.796315e-004
432.450287 1.073092e-002
432.562836 -2.404333e-003
432.675385 1.159141e-002
432.787933 2.530877e-003
432.900482 7.719174e-003
433.013031 9.364244e-003
433.125580 1.113586e-003
433.238159 5.745090e-003
433.350708 7.719174e-003
433.463287 1.359081e-002
433.575867 9.516097e-003
433.688446 8.124114e-003
433.801025 9.667949e-003
433.913605 1.017412e-002
434.026215 -9.364244e-004
434.138794 6.453736e-003
434.251404 5.137680e-003
434.363983 1.541304e-002
434.476593 1.510933e-002
434.589203 6.605588e-003
434.701813 8.655598e-003
434.814453 1.116117e-002
434.927063 9.769184e-003
435.039673 1.149018e-002
435.152313 -4.530269e-003
435.264954 1.493217e-003
435.377594 7.744483e-003
435.490234 1.837417e-002
435.602875 1.543835e-002
435.715515 1.951306e-002
435.828156 1.283154e-002
435.940826 1.445131e-002
436.053497 1.508403e-002
436.166138 1.245191e-002
436.278809 5.188297e-003
436.391479 7.491395e-003
436.504150 6.529662e-003
436.616852 1.126240e-002
436.729523 2.050010e-002
436.842224 1.217352e-002
436.954895 6.099413e-003
437.067596 6.124721e-003
437.180298 1.822231e-003
437.292999 2.606803e-003
437.405701 3.568536e-003
437.518402 1.032598e-002
437.631134 1.488155e-002
437.743835 9.642640e-003
437.856567 1.118647e-002
437.969299 4.859283e-003
438.082031 1.313525e-002
438.194763 8.680907e-003
438.307495 3.087670e-003
438.420227 1.361612e-002
438.532990 -8.351893e-004
438.645721 1.017412e-002
438.758484 7.668556e-003
438.871246 3.897550e-003
438.984009 9.946345e-003
439.096771 1.316056e-002
439.209534 9.845111e-003
439.322296 1.184450e-002
439.435089 -2.530877e-005
439.547852 5.441385e-003
439.660645 1.065499e-002
439.773438 -5.137680e-003
439.886230 9.693258e-003
439.999023 4.302490e-004
440.111816 7.137072e-003
440.224609 1.138894e-003
440.337433 4.555578e-003
440.450226 1.040190e-002
440.563049 1.478032e-002
440.675873 7.719174e-003
440.788696 6.656206e-003
440.901520 5.112371e-003
441.014343 6.605588e-003
441.127167 -2.328407e-003
441.240021 1.181919e-002
441.352844 3.112978e-003
441.465698 6.504353e-003
441.578552 2.480259e-003
441.691406 4.049403e-003
441.804260 6.276574e-003
441.917114 1.569143e-003
442.029968 1.971553e-002
442.142853 1.789330e-002
442.255707 4.302491e-003
442.368591 6.048795e-003
442.481476 6.377809e-003
442.594360 -2.530877e-005
442.707245 3.441992e-003
442.820129 1.103462e-002
442.933044 2.024701e-004
443.045929 1.457785e-002
443.158844 3.391375e-003
443.271729 1.536242e-002
443.384644 5.719781e-003
443.497559 -1.189512e-003
443.610474 1.680502e-002
443.723389 3.239522e-003
443.836334 9.389552e-003
443.949249 1.060437e-002
444.062195 1.202166e-002
444.175110 -5.770399e-003
444.288055 1.974084e-003
444.401001 2.325876e-002
444.513947 -8.149423e-003
444.626923 6.883984e-003
444.739868 1.055376e-002
444.852814 1.442600e-003
444.965790 2.910508e-003
445.078766 1.088277e-002
445.191711 5.821017e-003
445.304688 1.065499e-002
445.417664 1.113586e-003
445.530670 1.490686e-002
445.643646 1.004758e-002
445.756622 1.052845e-002
445.869629 1.923466e-003
445.982635 1.222413e-002
446.095612 9.566714e-003
446.208618 9.009921e-003
446.321655 9.566714e-003
446.434662 1.060437e-002
446.547668 1.037659e-003
446.660675 1.062968e-003
446.773712 1.219883e-002
446.886749 5.896943e-003
446.999786 2.303098e-003
447.112793 5.593237e-003
447.225861 4.580887e-003
447.338898 7.390160e-003
447.451935 5.213606e-003
447.564972 1.399575e-002
447.678040 1.351488e-002
447.791107 1.194574e-002
447.904175 1.333772e-002
448.017212 4.580887e-003
448.130310 2.454950e-003
448.243378 -2.353715e-003
448.356445 2.262604e-002
448.469513 8.427819e-003
448.582611 1.338834e-002
448.695709 7.972262e-003
448.808777 1.447662e-002
448.921875 1.455254e-002
449.034973 5.694473e-003
449.148102 9.212391e-003
449.261200 7.972262e-003
449.374298 2.050010e-002
449.487427 6.276574e-003
449.600525 1.328710e-002
449.713654 1.913343e-002
449.826782 1.586860e-002
449.939911 1.098400e-002
450.053040 1.273031e-002
450.166199 1.948775e-003
450.279327 1.746305e-003
450.392456 7.288925e-003
450.505615 9.490788e-003
450.618774 6.808058e-003
450.731934 6.175339e-003
450.845093 3.264831e-003
450.958252 1.999393e-003
451.071411 7.567321e-003
451.184601 1.103462e-002
451.297760 9.845111e-003
451.410950 4.454343e-003
451.524109 1.166734e-002
451.637299 1.543835e-003
451.750488 2.303098e-003
451.863678 6.377809e-003
451.976898 1.402106e-002
452.090088 8.402511e-003
452.203308 9.263009e-003
452.316498 1.131302e-002
452.429718 6.124721e-003
452.542938 1.267969e-002
452.656158 9.338935e-003
452.769379 1.057906e-002
452.882599 8.073497e-003
452.995819 4.833974e-003
453.109070 1.095870e-002
453.222290 9.060538e-003
453.335541 1.412229e-002
453.448792 1.505872e-002
453.562042 9.667949e-003
453.675293 1.948775e-003
453.788544 1.356550e-002
453.901794 9.111156e-003
454.015076 1.057906e-002
454.128326 -3.037052e-004
454.241608 -4.555578e-003
454.354889 6.453736e-003
454.468170 9.288318e-003
454.581451 1.245191e-002
454.694733 1.283154e-002
454.808014 1.108524e-002
454.921326 8.630290e-003
455.034607 1.338834e-002
455.147919 3.391375e-003
455.261230 2.277789e-004
455.374542 5.340150e-003
455.487854 8.149423e-003
455.601166 2.758656e-003
455.714478 6.529662e-003
455.827789 6.580279e-004
455.941132 1.057906e-002
456.054474 9.111156e-003
456.167786 -5.264224e-003
456.281128 1.515995e-002
456.394470 8.225350e-003
456.507813 2.199332e-002
456.621185 3.340757e-003
456.734528 9.693258e-003
456.847870 8.731524e-003
456.961243 3.366066e-003
457.074615 3.644462e-003
457.187988 6.175339e-003
457.301361 3.543227e-003
457.414734 5.188297e-003
457.528107 6.150031e-003
457.641479 8.959304e-003
457.754883 1.181919e-002
457.868256 2.662482e-002
457.981659 1.252784e-002
458.095062 1.404637e-002
458.208466 -7.592630e-004
458.321869 1.212290e-002
458.435272 9.845111e-003
458.548676 2.783964e-004
458.662109 8.098805e-003
458.775513 1.265438e-004
458.888947 1.179389e-002
459.002380 1.123709e-002
459.115784 1.262907e-002
459.229218 2.148714e-002
459.342682 1.240130e-002
459.456116 6.124721e-003
459.569550 2.708038e-003
459.683014 2.095566e-002
459.796448 9.870419e-003
459.909912 6.529662e-003
460.023376 1.149018e-002
460.136841 1.224944e-002
460.250305 1.364143e-002
460.363770 1.321118e-002
460.477264 -1.771614e-004
460.590729 1.075623e-002
460.704224 -1.391982e-003
460.817688 7.339542e-003
460.931183 1.154080e-002
461.044678 1.386920e-002
461.158173 9.819802e-003
461.271667 8.377202e-003
461.385193 1.488155e-002
461.498688 7.339542e-003
461.612213 8.503745e-003
461.725708 9.870419e-004
461.839233 1.771614e-002
461.952759 1.154080e-002
462.066284 1.738712e-002
462.179810 1.222413e-002
462.293335 1.898158e-002
462.406891 1.364143e-002
462.520416 1.893096e-002
462.633972 1.536242e-002
462.747528 8.655598e-003
462.861053 1.996862e-002
462.974609 1.822231e-003
463.088165 9.541405e-003
463.201752 1.247722e-002
463.315308 1.164203e-002
463.428864 3.948167e-003
463.542450 1.267969e-002
463.656036 5.162988e-003
463.769623 1.465378e-002
463.883179 3.340757e-003
463.996765 1.012351e-002
464.110382 1.548897e-002
464.223969 7.744483e-003
464.337555 9.693258e-003
464.451172 1.703280e-002
464.564789 8.022879e-003
464.678375 1.161672e-002
464.791992 1.111055e-002
464.905609 5.061753e-004
465.019226 -2.505568e-003
465.132874 6.048795e-003
465.246490 5.314841e-003
465.360107 3.922859e-003
465.473755 3.998785e-003
465.587402 8.225350e-003
465.701050 8.908686e-003
465.814667 7.845717e-003
465.928345 6.833367e-003
466.041992 9.718566e-003
466.155640 2.082912e-002
466.269287 -2.530877e-004
466.382965 6.681514e-003
466.496643 8.124114e-003
466.610291 1.923466e-002
466.723969 9.288318e-003
466.837646 7.035837e-003
466.951324 1.384390e-002
467.065033 9.085847e-003
467.178711 2.123406e-002
467.292419 5.623608e-002
467.406097 5.552237e-001
467.519806 1.000000e+000
467.633514 1.000000e+000
467.747223 1.000000e+000
467.860931 1.000000e+000
467.974640 6.153827e-001
468.088348 3.427313e-001
468.202087 1.528649e-001
468.315796 9.306034e-002
468.429535 6.982689e-002
468.543274 5.152865e-002
468.657013 5.031383e-002
468.770752 3.687487e-002
468.884491 2.604272e-002
468.998230 3.163596e-002
469.111969 2.308160e-002
469.225739 3.176250e-002
469.339508 1.146487e-002
469.453247 2.014578e-002
469.567017 1.042721e-002
469.680786 2.594149e-002
469.794556 1.786799e-002
469.908325 1.812108e-002
470.022125 8.984612e-003
470.135895 2.123406e-002
470.249695 7.137072e-003
470.363464 2.209455e-002
470.477264 1.885503e-002
470.591064 1.882972e-002
470.704865 8.503745e-003
470.818665 2.113282e-002
470.932465 1.470439e-002
471.046295 1.617230e-002
471.160095 2.606803e-002
471.273926 2.599210e-002
471.387756 3.295201e-002
471.501587 1.082456e-001
471.615387 9.315904e-001
471.729248 1.000000e+000
471.843079 1.000000e+000
471.956909 1.000000e+000
472.070740 1.000000e+000
472.184601 1.000000e+000
472.298462 1.000000e+000
472.412292 5.968567e-001
472.526154 2.002430e-001
472.640015 1.375532e-001
472.753876 9.683134e-002
472.867767 8.501215e-002
472.981628 6.848552e-002
473.095520 4.593541e-002
473.209381 4.163292e-002
473.323273 4.322737e-002
473.437164 3.495141e-002
473.551056 2.702976e-002
473.664948 3.444523e-002
473.778839 2.690322e-002
473.892731 1.776676e-002
474.006653 2.252480e-002
474.120544 1.743774e-002
474.234467 2.255011e-002
474.348389 1.713404e-002
474.462280 1.475501e-002
474.576202 1.361612e-002
474.690125 1.202166e-002
474.804077 1.427414e-002
474.917999 2.062665e-002
475.031921 1.963960e-002
475.145874 1.399575e-002
475.259827 1.837417e-002
475.373779 7.162381e-003
475.487701 2.480259e-003
475.601654 1.483094e-002
475.715637 1.224944e-002
475.829590 1.298340e-002
475.943542 5.846325e-003
476.057526 1.627354e-002
476.171478 1.126240e-002
476.285461 1.364143e-002
476.399445 7.440777e-003
476.513428 2.490383e-002
476.627411 1.548897e-002
476.741394 1.629885e-002
476.855377 1.217352e-002
476.969391 1.736181e-002
477.083374 1.429945e-002
477.197388 8.554364e-003
477.311401 1.394513e-002
477.425415 1.176858e-002
477.539429 1.105993e-002
477.653442 2.093035e-002
477.767456 1.915874e-002
477.881470 1.230006e-002
477.995514 1.323649e-002
478.109528 1.402106e-002
478.223572 8.301276e-003
478.337616 5.162988e-003
478.451660 5.998178e-003
478.565704 6.428427e-003
478.679749 2.148714e-002
478.793793 5.441385e-003
478.907867 1.057906e-002
479.021912 7.314234e-003
479.135986 2.298036e-002
479.250061 1.791861e-002
479.364105 1.437538e-002
479.478180 1.938652e-002
479.592255 1.667848e-002
479.706360 1.999393e-002
479.820435 1.546366e-002
479.934509 2.151245e-002
480.048615 2.500506e-002
480.162689 1.895627e-002
480.276794 4.775764e-002
480.390900 2.504556e-001
480.505005 1.000000e+000
480.619110 1.000000e+000
480.733215 1.000000e+000
480.847351 1.000000e+000
480.961456 1.000000e+000
481.075592 1.000000e+000
481.189697 1.000000e+000
481.303833 1.000000e+000
481.417969 1.000000e+000
481.532104 6.396031e-001
481.646240 1.271006e-001
481.760376 1.187234e-001
481.874542 7.648309e-002
481.988678 7.478741e-002
482.102844 5.405953e-002
482.217010 5.699534e-002
482.331146 4.163292e-002
482.445313 3.522980e-002
482.559479 2.335999e-002
482.673645 2.875076e-002
482.787842 3.209152e-002
482.902008 2.257542e-002
483.016205 1.882972e-002
483.130371 2.905446e-002
483.244568 2.576433e-002
483.358765 2.548593e-002
483.472961 2.057603e-002
483.587158 1.002227e-002
483.701355 1.948775e-002
483.815552 2.424580e-002
483.929779 1.526119e-002
484.043976 1.761490e-002
484.158203 2.042417e-002
484.272430 1.052845e-002
484.386627 1.915874e-002
484.500854 2.257542e-002
484.615082 2.158838e-002
484.729340 1.705811e-002
484.843567 1.326179e-002
484.957794 4.175947e-003
485.072052 1.837417e-002
485.186310 7.314234e-003
485.300537 7.390160e-003
485.414795 9.743875e-003
485.529053 2.032294e-002
485.643311 1.541304e-002
485.757599 1.265438e-002
485.871857 1.138895e-002
485.986115 1.265438e-002
486.100403 1.460316e-002
486.214691 4.555578e-003
486.328949 1.402106e-002
486.443237 3.047176e-002
486.557526 9.870419e-003
486.671814 6.200648e-003
486.786133 1.111055e-002
486.900421 1.495748e-002
487.014709 2.910508e-003
487.129028 1.824762e-002
487.243347 1.931059e-002
487.357635 2.029763e-002
487.471954 1.285685e-002
487.586273 9.895728e-003
487.700592 1.523588e-002
487.814941 1.743774e-002
487.929260 4.631504e-003
488.043610 1.505872e-002
488.157928 1.202166e-002
488.272278 6.048795e-003
488.386627 2.348654e-002
488.500977 1.564082e-002
488.615326 1.232537e-002
488.729675 1.467908e-003
488.844025 5.643855e-003
488.958374 1.293278e-002
489.072754 1.576736e-002
489.187103 1.515995e-002
489.301483 6.352501e-003
489.415863 8.807451e-003
489.530243 9.490788e-003
489.644623 1.591921e-002
489.759003 6.529662e-003
489.873383 9.263009e-003
489.987793 5.314841e-004
490.102173 2.389148e-002
490.216583 -2.151245e-003
490.330963 1.523588e-002
490.445374 1.298340e-002
490.559784 1.667848e-002
490.674194 1.022474e-002
490.788605 1.265438e-002
490.903046 8.377202e-003
491.017456 1.467908e-002
491.131897 9.996963e-003
491.246307 6.985220e-003
491.360748 6.301883e-003
491.475189 1.113586e-002
491.589630 1.295809e-002
491.704071 9.516097e-003
491.818512 4.985827e-003
491.932953 3.416684e-003
492.047394 1.480563e-002
492.161865 6.099413e-003
492.276337 1.017412e-002
492.390778 1.103462e-002
492.505249 1.151549e-002
492.619720 1.103462e-002
492.734192 9.237700e-003
492.848663 -2.961126e-003
492.963135 7.288925e-003
493.077637 1.455254e-002
493.192108 1.452723e-002
493.306610 1.657724e-002
493.421112 9.794493e-003
493.535583 8.503745e-003
493.650085 8.529054e-003
493.764587 2.227172e-003
493.879120 8.731524e-003
493.993622 8.579672e-003
494.108124 1.796922e-003
494.222656 7.693865e-003
494.337158 9.718566e-003
494.451691 7.516704e-003
494.566223 6.403118e-003
494.680756 6.276574e-003
494.795288 1.265438e-004
494.909821 7.111764e-003
495.024353 1.485625e-002
495.138916 4.682122e-003
495.253448 7.871026e-003
495.368011 7.845717e-003
495.482544 3.214213e-003
495.597107 8.858069e-003
495.711670 7.516704e-003
495.826233 7.086455e-004
495.940796 -5.567929e-004
496.055389 8.782142e-003
496.169952 1.700749e-002
496.284515 4.884592e-003
496.399109 1.710873e-002
496.513702 5.441385e-003
496.628265 1.627354e-002
496.742859 3.821624e-003
496.857452 1.361612e-002
496.972076 8.453128e-003
497.086670 5.719781e-003
497.201263 5.593237e-003
497.315887 1.240130e-002
497.430481 6.403118e-003
497.545105 1.738712e-002
497.659729 9.592023e-003
497.774353 7.516704e-003
497.888977 2.201863e-003
498.003601 8.832759e-003
498.118225 5.643855e-003
498.232849 1.090808e-002
498.347504 1.518526e-003
498.462128 1.247722e-002
498.576782 1.865256e-002
498.691437 1.204697e-002
498.806091 1.212290e-002
498.920746 5.213606e-003
499.035400 7.212999e-003
499.150055 2.204394e-002
499.264709 4.682122e-003
499.379395 1.009820e-002
499.494049 1.126240e-002
499.608734 5.694473e-003
499.723419 5.340150e-003
499.838074 8.377202e-003
499.952759 1.273031e-002
500.067474 1.356550e-002
500.182159 -4.504960e-003
500.296844 9.845111e-003
500.411530 4.226564e-003
500.526245 1.014882e-002
500.640961 1.224944e-002
500.755646 1.055376e-002
500.870361 4.251873e-003
500.985077 4.378417e-003
501.099792 8.706216e-003
501.214508 6.985220e-003
501.329254 6.732132e-003
501.443970 4.504960e-003
501.558716 1.141425e-002
501.673431 5.998178e-003
501.788177 1.159141e-002
501.902924 2.125936e-003
502.017670 1.356550e-002
502.132416 4.758048e-003
502.247162 8.807451e-003
502.361908 6.732132e-003
502.476654 3.619154e-003
502.591431 8.427819e-003
502.706207 5.947560e-003
502.820953 9.794493e-003
502.935730 4.302490e-004
503.050507 1.521057e-002
503.165283 1.151549e-002
503.280060 1.270500e-002
503.394836 9.389552e-003
503.509644 1.746305e-003
503.624420 5.365459e-003
503.739227 -1.316056e-003
503.854004 2.632112e-003
503.968811 1.012351e-002
504.083618 1.111055e-002
504.198425 1.123709e-002
504.313232 1.166734e-002
504.428040 5.618546e-003
504.542877 1.414760e-002
504.657684 2.113282e-002
504.772491 8.858069e-004
504.887329 4.631504e-003
505.002167 1.202166e-002
505.117004 1.060437e-002
505.231842 2.027232e-002
505.346680 8.427819e-003
505.461517 2.961126e-003
505.576355 7.719174e-003
505.691223 1.222413e-002
505.806061 6.074104e-003
505.920929 5.694473e-003
506.035767 2.260073e-002
506.150635 6.377809e-003
506.265503 5.061754e-003
506.380371 1.075623e-002
506.495239 4.884592e-003
506.610107 5.416076e-003
506.725006 5.896943e-003
506.839874 -4.808666e-004
506.954773 6.529662e-003
507.069672 7.592630e-004
507.184540 1.627354e-002
507.299438 1.688095e-002
507.414337 -3.543227e-003
507.529236 9.490788e-003
507.644165 1.080684e-002
507.759064 1.161672e-002
507.873962 3.644462e-003
507.988892 -1.341365e-003
508.103790 5.061753e-004
508.218719 1.245191e-002
508.333649 1.670379e-003
508.448578 3.771006e-003
508.563507 6.276574e-003
508.678436 8.478437e-003
508.793365 1.214821e-003
508.908325 3.163596e-003
509.023254 3.391375e-003
509.138214 5.669164e-003
509.253174 1.159141e-002
509.368103 -3.037052e-004
509.483063 2.328407e-003
509.598022 6.782750e-003
509.712982 2.708038e-003
509.827972 7.111764e-003
509.942932 1.308463e-002
510.057892 1.123709e-002
510.172882 1.095870e-002
510.287872 -2.758656e-003
510.402832 1.057906e-002
510.517822 1.121178e-002
510.632813 5.213606e-003
510.747803 1.303401e-002
510.862823 1.242660e-002
510.977814 1.354019e-002
511.092804 1.103462e-002
511.207825 5.871634e-003
511.322815 1.839947e-002
511.437836 1.014882e-002
511.552856 9.895728e-003
511.667877 5.846325e-003
511.782898 9.338935e-003
511.897919 9.085847e-003
512.012939 1.143956e-002
512.127991 1.475501e-002
512.242981 6.782750e-003
512.358032 1.419822e-002
512.473083 4.833974e-003
512.588135 1.204697e-002
512.703186 6.580279e-004
512.818237 1.526119e-002
512.933289 1.189512e-002
513.048340 3.796315e-004
513.163391 5.416076e-003
513.278442 3.163596e-003
513.393555 2.151245e-003
513.508606 1.417291e-002
513.623657 1.252784e-002
513.738770 6.327192e-003
513.853821 7.946953e-003
513.968933 1.293278e-002
514.083984 1.197105e-002
514.199097 5.567929e-003
514.314209 1.303401e-002
514.429260 5.947560e-003
514.544373 2.733347e-003
514.659485 1.933590e-002
514.774597 2.371432e-002
514.889709 4.024094e-003
515.004822 1.070561e-002
515.119934 5.567929e-003
515.235046 1.348957e-002
515.350159 1.442600e-003
515.465271 1.166734e-002
515.580383 9.187083e-003
515.695557 1.338834e-002
515.810669 1.715934e-002
515.925842 1.594452e-002
516.040955 1.075623e-002
516.156067 8.048188e-003
516.271240 9.085847e-003
516.386414 9.592023e-003
516.501526 6.150031e-003
516.616699 8.756833e-003
516.731873 3.315449e-003
516.847046 4.555578e-003
516.962219 1.019943e-002
517.077332 4.909901e-003
517.192505 1.146487e-002
517.307678 1.007289e-002
517.422913 1.116117e-002
517.538086 1.657724e-002
517.653259 1.386920e-002
517.768433 1.485625e-002
517.883606 2.771310e-002
517.998840 2.887730e-002
518.114014 1.161672e-002
518.229248 1.068030e-002
518.344421 6.099413e-003
518.459656 3.771006e-003
518.574829 9.313626e-003
518.690063 6.808058e-003
518.805298 -3.543228e-004
518.920471 5.998178e-003
519.035706 7.364851e-003
519.150940 1.528649e-002
519.266174 1.166734e-002
519.381409 6.782750e-003
519.496643 1.146487e-002
519.611877 5.137680e-003
519.727112 1.847540e-003
519.842346 4.783357e-003
519.957642 9.212391e-003
520.072876 1.667848e-002
520.188110 3.948167e-003
520.303406 9.364244e-003
520.418640 5.011136e-003
520.533875 1.242660e-002
520.649170 5.390767e-003
520.764465 1.267969e-002
520.879700 1.080684e-002
520.994995 1.138894e-003
521.110291 1.591921e-002
521.225525 8.478437e-003
521.340820 8.250658e-003
521.456116 3.037052e-003
521.571411 8.073497e-003
521.686707 5.947560e-003
521.802002 5.213606e-003
521.917297 8.174731e-003
522.032593 6.200648e-003
522.147949 1.455254e-002
522.263245 5.264224e-003
522.378540 5.061754e-003
522.493896 -3.796315e-003
522.609192 1.974084e-002
522.724487 1.746305e-003
522.839844 1.546366e-002
522.955200 1.179389e-002
523.070496 4.707430e-003
523.185852 7.061146e-003
523.301208 1.100931e-002
523.416504 7.769791e-003
523.531860 4.201255e-003
523.647217 1.075623e-002
523.762573 1.111055e-002
523.877930 1.265438e-002
523.993286 3.391375e-003
524.108643 2.783964e-004
524.223999 1.176858e-002
524.339355 1.645070e-003
524.454712 1.409698e-002
524.570129 1.197105e-002
524.685486 7.997571e-003
524.800842 1.331241e-002
524.916260 8.883378e-003
525.031616 3.441992e-003
525.147034 7.516704e-003
525.262451 1.452723e-002
525.377808 2.642235e-002
525.493225 7.137072e-003
525.608643 7.946953e-003
525.723999 1.318587e-002
525.839417 1.166734e-002
525.954834 1.060437e-002
526.070251 1.488155e-002
526.185669 9.769184e-003
526.301086 5.517311e-003
526.416504 1.217352e-002
526.531921 6.099413e-003
526.647400 7.845717e-004
526.762817 9.996963e-003
526.878235 -4.074711e-003
526.993652 9.111156e-004
527.109131 2.556185e-003
527.224548 4.808666e-003
527.340027 5.492002e-003
527.455444 9.743875e-003
527.570923 8.959304e-003
527.686401 1.465378e-002
527.801819 2.303098e-003
527.917297 3.517919e-003
528.032776 8.604981e-003
528.148254 6.301883e-003
528.263733 -3.214213e-003
528.379211 1.037659e-003
528.494690 1.807046e-002
528.610168 3.441992e-003
528.725647 6.327192e-003
528.841125 1.019943e-002
528.956604 2.379024e-003
529.072083 1.728589e-002
529.187622 6.504353e-003
529.303101 1.394513e-002
529.418579 -3.467301e-003
529.534119 8.200040e-003
529.649597 1.288216e-002
529.765137 2.505568e-003
529.880676 7.567321e-003
529.996155 6.833367e-003
530.111694 4.100020e-003
530.227234 1.146487e-002
530.342773 -1.012351e-004
530.458252 5.289532e-003
530.573792 7.288925e-003
530.689331 7.946953e-003
530.804871 7.390160e-003
530.920410 5.593237e-003
531.035950 6.554971e-003
531.151550 6.200648e-003
531.267090 6.605588e-003
531.382629 1.493217e-003
531.498169 9.288318e-003
531.613770 5.821017e-003
531.729309 3.037052e-003
531.844910 -6.580279e-003
531.960449 6.327192e-003
532.076050 1.052845e-002
532.191589 1.662786e-002
532.307190 1.974084e-002
532.422791 5.567929e-004
532.538330 1.123709e-002
532.653931 5.036444e-003
532.769531 1.569143e-002
532.885132 1.009820e-002
533.000732 4.125329e-003
533.116333 1.060437e-002
533.231934 4.985827e-003
533.347534 1.065499e-002
533.463135 1.293278e-002
533.578796 8.200040e-003
533.694397 1.384390e-002
533.809998 3.112978e-003
533.925659 1.397044e-002
534.041260 5.896943e-003
534.156860 2.353715e-003
534.272522 1.197105e-002
534.388123 7.238308e-003
534.503784 2.404333e-002
534.619446 9.364244e-003
534.735046 7.415469e-003
534.850708 1.308463e-002
534.966370 8.250658e-003
535.082031 1.022474e-002
535.197693 9.440170e-003
535.313354 7.263616e-003
535.429016 4.378417e-003
535.544678 1.252784e-002
535.660339 7.972262e-003
535.776001 1.151549e-002
535.891663 4.631504e-003
536.007385 8.351893e-003
536.123047 5.162988e-003
536.238708 2.708038e-003
536.354431 1.999393e-003
536.470093 -3.846933e-003
536.585815 6.580279e-003
536.701477 1.073092e-002
536.817200 1.310994e-002
536.932861 4.833974e-003
537.048584 7.871026e-003
537.164307 3.011743e-003
537.280029 1.612168e-002
537.395691 9.743875e-003
537.511414 5.846325e-003
537.627136 1.346426e-002
537.742859 5.821017e-003
537.858582 1.394513e-002
537.974304 8.680907e-003
538.090088 9.718566e-003
538.205811 9.085847e-003
538.321533 1.293278e-002
538.437256 1.518526e-002
538.553040 1.586860e-002
538.668762 5.390767e-003
538.784485 6.327192e-003
538.900269 3.720389e-003
539.015991 7.845717e-003
539.131775 1.333772e-002
539.247559 4.251873e-003
539.363281 3.239522e-003
539.479065 1.440069e-002
539.594849 5.188297e-003
539.710632 4.682122e-003
539.826416 1.227475e-002
539.942139 8.984612e-003
540.057922 2.060134e-002
540.173706 8.503745e-003
540.289551 1.733650e-002
540.405334 1.435007e-002
540.521118 9.136464e-003
540.636902 5.922251e-003
540.752686 8.250658e-003
540.868530 1.445131e-002
540.984314 1.404637e-002
541.100098 1.331241e-002
541.215942 1.710873e-002
541.331726 1.009820e-002
541.447571 9.440170e-003
541.563416 1.779206e-002
541.679199 9.313626e-003
541.795044 1.202166e-002
541.910889 2.533408e-002
542.026672 8.832759e-003
542.142517 1.870318e-002
542.258362 1.204697e-002
542.374207 9.667949e-003
542.490051 1.680502e-002
542.605896 4.580887e-003
542.721741 1.404637e-002
542.837585 7.946953e-003
542.953491 1.447662e-002
543.069336 1.207228e-002
543.185181 8.858069e-003
543.301025 1.984207e-002
543.416931 4.454343e-003
543.532776 1.880441e-002
543.648682 1.920935e-002
543.764526 4.631504e-003
543.880432 9.743875e-003
543.996338 9.971654e-003
544.112183 4.859283e-003
544.228088 1.014882e-002
544.343994 8.402511e-003
544.459900 1.174327e-002
544.575745 5.466694e-003
544.691650 3.720389e-003
544.807556 1.559020e-002
544.923462 1.004758e-002
545.039368 9.617331e-003
545.155273 8.782142e-003
545.271240 2.214517e-002
545.387146 1.518526e-002
545.503052 8.048188e-003
545.618958 1.961429e-002
545.734924 2.994027e-002
545.850830 2.012047e-002
545.966797 1.189512e-002
546.082703 9.845111e-003
546.198669 1.764021e-002
546.314575 1.589391e-002
546.430542 1.202166e-002
546.546509 1.346426e-002
546.662415 1.057906e-002
546.778381 1.313525e-002
546.894348 1.242660e-002
547.010315 7.162381e-003
547.126282 8.604981e-003
547.242249 4.327799e-003
547.358215 1.214821e-002
547.474182 2.783964e-003
547.590149 -3.922859e-003
547.706116 7.339542e-004
547.822083 1.951306e-002
547.938110 1.771614e-003
548.054077 1.151549e-002
548.170044 4.631504e-003
548.286072 1.488155e-002
548.402039 1.133833e-002
548.518066 8.073497e-003
548.634033 2.082912e-002
548.750061 1.151549e-002
548.866028 1.376797e-002
548.982056 1.176858e-002
549.098083 3.366066e-003
549.214111 5.112371e-003
549.330078 1.186981e-002
549.446106 9.161774e-003
549.562134 7.061146e-003
549.678162 1.062968e-002
549.794189 1.733650e-002
549.910217 6.327192e-003
550.026245 1.095870e-002
550.142334 1.012351e-004
550.258362 1.252784e-002
550.374390 6.985220e-003
550.490417 8.655598e-003
550.606506 7.010528e-003
550.722534 8.933995e-003
550.838623 7.693865e-003
550.954651 1.845009e-002
551.070740 1.523588e-002
551.186768 5.517311e-003
551.302856 9.794493e-003
551.418884 1.531180e-002
551.534973 1.488155e-002
551.651062 5.036444e-003
551.767151 1.095870e-002
551.883240 1.341365e-002
551.999329 1.161672e-002
552.115417 3.340757e-003
552.231506 1.133833e-002
552.347595 1.698218e-002
552.463684 9.895728e-003
552.579773 1.052845e-002
552.695862 1.495748e-002
552.811951 1.300871e-002
552.928101 1.316056e-003
553.044189 1.009820e-002
553.160278 5.719781e-003
553.276428 1.953837e-002
553.392517 1.133833e-002
553.508667 8.301276e-003
553.624817 9.263009e-003
553.740906 4.732740e-003
553.857056 3.543228e-004
553.973206 1.212290e-002
554.089294 1.227475e-002
554.205444 8.200040e-003
554.321594 1.257846e-002
554.437744 1.100931e-002
554.553894 6.150031e-003
554.670044 6.301883e-003
554.786194 1.062968e-002
554.902344 9.819802e-003
555.018494 1.181919e-002
555.134644 1.321118e-002
555.250854 1.518526e-004
555.367004 1.298340e-002
555.483154 1.500810e-002
555.599365 5.922251e-003
555.715515 8.174731e-003
555.831726 2.682729e-003
555.947876 6.352501e-003
556.064087 5.542620e-003
556.180237 7.592630e-003
556.296448 -3.973477e-003
556.412659 9.338935e-003
556.528809 4.175947e-003
556.645020 1.786799e-002
556.761230 8.427819e-003
556.877441 5.998178e-003
556.993652 1.230006e-002
557.109863 1.898158e-003
557.226074 2.353715e-003
557.342285 9.566714e-003
557.458496 1.032598e-002
557.574707 6.858676e-003
557.690918 9.769184e-003
557.807190 9.364244e-003
557.923401 -8.604981e-004
558.039612 1.791861e-002
558.155884 2.227172e-003
558.272095 -2.024701e-004
558.388367 7.440777e-003
558.504578 1.176858e-002
558.620850 4.049403e-003
558.737061 3.720389e-003
558.853333 3.290140e-004
558.969604 -3.366066e-003
559.085876 4.049403e-003
559.202087 1.543835e-002
559.318359 6.124721e-003
559.434631 2.239826e-002
559.550903 1.862725e-002
559.667175 1.634946e-002
559.783447 1.267969e-002
559.899719 8.655598e-003
560.015991 1.027536e-002
560.132324 -1.062968e-003
560.248596 4.985827e-003
560.364868 9.566714e-003
560.481201 1.391982e-002
560.597473 1.262907e-002
560.713745 3.771006e-003
560.830078 1.634946e-002
560.946350 1.809577e-002
561.062683 7.921644e-003
561.178955 1.733650e-002
561.295288 1.250253e-002
561.411621 1.518526e-002
561.527954 6.858676e-003
561.644226 1.435007e-002
561.760559 2.050010e-002
561.876892 1.708342e-002
561.993225 7.643247e-003
562.109558 1.121178e-002
562.225891 1.657724e-002
562.342224 1.609638e-002
562.458557 7.795100e-003
562.574890 7.061146e-003
562.691223 7.364851e-003
562.807617 3.669771e-003
562.923950 2.379024e-003
563.040283 5.162988e-003
563.156677 -2.024701e-003
563.273010 8.630290e-003
563.389404 -5.821016e-004
563.505737 1.478032e-002
563.622131 7.111764e-003
563.738464 4.150638e-003
563.854858 5.821017e-003
563.971252 1.290747e-003
564.087585 6.934602e-003
564.203979 6.276574e-003
564.320374 6.225957e-003
564.436768 -2.910508e-003
564.553162 3.188905e-003
564.669556 8.073497e-003
564.785950 9.237700e-003
564.902344 7.921644e-003
565.018738 7.795100e-003
565.135132 1.004758e-002
565.251526 1.422353e-002
565.367981 8.984612e-003
565.484375 3.416684e-003
565.600769 4.353108e-003
565.717224 4.049403e-003
565.833618 8.275967e-003
565.950073 2.305629e-002
566.066467 1.255315e-002
566.182922 1.842478e-002
566.299316 5.036444e-003
566.415771 4.378417e-003
566.532227 6.377809e-003
566.648621 7.946953e-003
566.765076 7.592630e-005
566.881531 8.630290e-003
566.997986 -5.567929e-003
567.114441 6.656206e-003
567.230896 7.010528e-003
567.347351 -5.061753e-004
567.463806 6.959911e-003
567.580261 7.769791e-003
567.696716 1.055376e-002
567.813171 7.415469e-003
567.929688 1.313525e-002
568.046143 1.338834e-002
568.162598 2.100628e-003
568.279114 1.143956e-002
568.395569 1.113586e-003
568.512024 2.055072e-002
568.628540 6.706823e-003
568.744995 2.333468e-002
568.861511 1.683033e-002
568.978027 9.667949e-003
569.094482 1.100931e-002
569.210999 1.637477e-002
569.327515 7.466086e-003
569.444031 1.435007e-002
569.560547 5.719781e-003
569.677063 3.771006e-003
569.793579 6.985220e-003
569.910095 6.706823e-003
570.026611 1.057906e-002
570.143127 2.201863e-003
570.259644 -3.568536e-003
570.376160 6.327192e-003
570.492676 1.379328e-002
570.609192 3.619154e-003
570.725769 1.212290e-002
570.842285 7.592630e-003
570.958862 1.796922e-003
571.075378 8.301276e-003
571.191956 1.331241e-002
571.308472 0.000000e+000
571.425049 1.237599e-002
571.541565 1.662786e-002
571.658142 1.022474e-002
571.774719 1.328710e-002
571.891235 1.194574e-002
572.007813 9.667949e-003
572.124390 1.974084e-002
572.240967 1.171796e-002
572.357544 1.283154e-002
572.474121 5.213606e-003
572.590698 6.301883e-003
572.707275 -4.049403e-004
572.823853 2.125936e-003
572.940430 2.277789e-003
573.057007 2.657420e-003
573.173645 1.470439e-002
573.290222 1.728589e-002
573.406799 2.379024e-003
573.523438 9.921037e-003
573.640015 7.972262e-003
573.756653 1.174327e-002
573.873230 4.403725e-003
573.989868 1.002227e-002
574.106445 1.126240e-002
574.223083 7.415469e-003
574.339722 7.086455e-003
574.456299 4.833974e-003
574.572937 8.706216e-003
574.689575 1.019943e-002
574.806213 1.250253e-002
574.922852 7.845717e-003
575.039490 -3.695080e-003
575.156128 1.149018e-002
575.272766 9.819802e-003
575.389404 7.187690e-003
575.506042 2.353715e-003
575.622681 8.200040e-003
575.739319 3.037052e-003
575.856018 4.226564e-003
575.972656 5.567929e-004
576.089294 1.186981e-002
576.205994 1.974084e-003
576.322632 5.036444e-003
576.439331 6.706823e-003
576.555969 1.310994e-002
576.672668 1.657724e-002
576.789307 2.708038e-003
576.906006 3.214213e-003
577.022705 6.605588e-003
577.139343 9.516097e-003
577.256042 7.035837e-003
577.372742 1.541304e-002
577.489441 7.086455e-003
577.606140 8.630290e-003
577.722839 7.086455e-004
577.839539 8.731524e-003
577.956238 6.580279e-003
578.072937 1.090808e-002
578.189636 1.801984e-002
578.306335 5.011136e-003
578.423096 1.746305e-003
578.539795 1.655193e-002
578.656494 1.581798e-002
578.773254 2.146184e-002
578.889954 1.531180e-002
579.006653 1.629885e-002
579.123413 1.498279e-002
579.240112 8.655598e-003
579.356873 1.371735e-002
579.473633 1.143956e-002
579.590332 9.035230e-003
579.707092 5.492002e-003
579.823853 1.113586e-003
579.940613 2.758656e-003
580.057312 3.163596e-003
580.174072 5.416076e-003
580.290833 2.067726e-002
580.407593 1.232537e-002
580.524353 5.390767e-003
580.641113 1.004758e-002
580.757874 3.970946e-002
580.874634 1.290747e-003
580.991455 1.214821e-002
581.108215 3.543227e-003
581.224976 2.783964e-003
581.341736 5.694473e-003
581.458557 1.088277e-003
581.575317 1.149018e-002
581.692139 4.479652e-003
581.808899 9.718566e-003
581.925720 8.858069e-003
582.042480 1.300871e-002
582.159302 1.128771e-002
582.276062 1.305932e-002
582.392883 7.339542e-003
582.509705 1.875380e-002
582.626526 9.161774e-003
582.743286 5.542620e-003
582.860107 1.627354e-002
582.976929 1.103462e-002
583.093750 5.745090e-003
583.210571 7.871026e-003
583.327393 3.695080e-003
583.444214 6.630897e-003
583.561035 1.257846e-002
583.677917 4.985827e-003
583.794739 1.004758e-002
583.911560 1.733650e-002
584.028381 1.105993e-002
584.145264 5.036444e-003
584.262085 1.485625e-002
584.378967 4.150638e-003
584.495789 1.478032e-002
584.612671 6.959911e-003
584.729492 8.275967e-003
584.846375 1.652662e-002
584.963196 9.667949e-003
585.080078 1.490686e-002
585.196960 5.972869e-003
585.313843 1.273031e-002
585.430664 1.566613e-002
585.547546 2.935817e-003
585.664429 1.065499e-002
585.781311 -4.049403e-004
585.898193 1.055376e-002
586.015076 2.875076e-002
586.131958 1.121178e-002
586.248840 9.364244e-003
586.365723 1.065499e-002
586.482666 1.391982e-002
586.599548 -7.592630e-005
586.716431 1.214821e-002
586.833313 1.014882e-002
586.950256 1.607107e-002
587.067139 1.619761e-002
587.184082 1.440069e-002
587.300964 1.042721e-002
587.417908 1.812108e-002
587.534790 1.164203e-002
587.651733 2.138591e-002
587.768616 7.719174e-003
587.885559 1.612168e-002
588.002502 1.650132e-002
588.119446 2.310690e-002
588.236389 1.910812e-002
588.353271 2.277789e-003
588.470215 7.744483e-003
588.587158 7.567321e-003
588.704102 8.073497e-003
588.821045 5.162988e-003
588.937988 1.057906e-002
589.054993 9.718566e-003
589.171936 6.909294e-003
589.288879 1.460316e-002
589.405823 5.922251e-003
589.522766 1.090808e-002
589.639771 1.462847e-002
589.756714 1.903219e-002
589.873718 1.637477e-002
589.990662 9.921037e-003
590.107666 1.136364e-002
590.224609 4.024094e-003
590.341614 1.176858e-002
590.458557 1.424884e-002
590.575562 6.706823e-003
590.692566 8.098805e-003
590.809509 1.265438e-002
590.926514 4.353108e-003
591.043518 1.503341e-002
591.160522 9.035230e-003
591.277527 7.466086e-003
591.394531 3.062361e-003
591.511536 6.352501e-003
591.628540 8.200040e-003
591.745544 6.403118e-003
591.862549 1.852602e-002
591.979553 6.529662e-003
592.096558 2.834582e-003
592.213623 6.656206e-003
592.330627 6.327192e-003
592.447632 1.629885e-002
592.564697 2.133529e-002
592.681702 1.498279e-002
592.798767 2.100628e-002
592.915771 6.453736e-003
593.032837 1.629885e-002
593.149841 1.574205e-002
593.266907 3.196497e-002
593.383972 2.439765e-002
593.500977 1.207228e-002
593.618042 7.238308e-003
593.735107 1.435007e-002
593.852173 1.295809e-002
593.969238 1.493217e-002
594.086243 1.262907e-002
594.203308 8.554364e-003
594.320374 1.108524e-002
594.437439 7.997571e-003
594.554565 1.665317e-002
594.671631 2.933286e-002
594.788696 7.390160e-003
594.905762 6.099413e-003
595.022827 1.025005e-002
595.139954 1.799453e-002
595.257019 1.761490e-002
595.374084 3.138287e-003
595.491211 8.680907e-003
595.608276 1.931059e-002
595.725403 7.617939e-003
595.842468 1.298340e-002
595.959595 6.048795e-003
596.076660 3.188905e-003
596.193787 1.629885e-002
596.310913 1.528649e-002
596.428040 9.161774e-003
596.545105 7.744483e-003
596.662231 1.860194e-002
596.779358 1.847540e-003
596.896484 9.921037e-003
597.013611 1.186981e-002
597.130737 2.346123e-002
597.247864 9.263009e-003
597.364990 1.065499e-002
597.482117 1.432476e-002
597.599243 7.466086e-003
597.716370 5.821017e-003
597.833557 1.801984e-002
597.950684 1.872849e-003
598.067810 1.146487e-002
598.184998 1.207228e-002
598.302124 1.247722e-002
598.419250 2.763717e-002
598.536438 1.214821e-003
598.653564 1.485625e-002
598.770752 6.074104e-003
598.887939 1.037659e-003
599.005066 7.820409e-003
599.122253 -1.417291e-003
599.239441 1.832355e-002
599.356567 9.592023e-003
599.473755 1.275562e-002
599.590942 5.896943e-003
599.708130 1.642539e-002
599.825317 8.377202e-003
599.942505 2.558716e-002
600.059692 3.922859e-003
600.176880 9.693258e-003
600.294067 1.022474e-002
600.411255 9.338935e-003
600.528442 1.151549e-002
600.645691 1.245191e-002
600.762878 5.213606e-003
600.880066 5.694473e-003
600.997253 1.394513e-002
601.114502 8.351893e-003
601.231689 7.440777e-003
601.348938 8.301276e-003
601.466125 2.318283e-002
601.583374 7.314234e-003
601.700562 1.062968e-002
601.817810 1.614699e-002
601.935059 1.288216e-002
602.052246 1.556489e-002
602.169495 1.305932e-002
602.286743 6.403118e-003
602.403992 2.789026e-002
602.521179 5.896943e-003
602.638428 1.647601e-002
602.755676 4.251873e-003
602.872925 6.959911e-003
602.990173 7.542013e-003
603.107422 1.758959e-002
603.224670 1.121178e-002
603.341980 2.632112e-003
603.459229 1.386920e-002
603.576477 1.138895e-002
603.693726 8.022879e-003
603.810974 9.212391e-003
603.928284 1.040190e-002
604.045532 4.454343e-003
604.162842 1.822231e-003
604.280090 8.301276e-003
604.397400 1.890565e-002
604.514648 7.162381e-003
604.631958 8.124114e-003
604.749207 1.280624e-002
604.866516 1.665317e-002
604.983826 1.781737e-002
605.101074 8.832759e-003
605.218384 4.808666e-003
605.335693 1.531180e-002
605.453003 1.245191e-002
605.570313 8.453128e-003
605.687622 1.584329e-002
605.804932 9.136464e-003
605.922241 6.377809e-003
606.039551 9.516097e-003
606.156860 9.516097e-003
606.274170 1.237599e-002
606.391479 1.141425e-002
606.508789 -1.771614e-004
606.626160 2.032294e-002
606.743469 1.027536e-002
606.860779 1.991800e-002
606.978149 5.238915e-003
607.095459 6.757441e-003
607.212830 1.515995e-002
607.330139 6.048795e-003
607.447510 2.462543e-002
607.564819 7.364851e-003
607.682190 1.412229e-002
607.799500 2.019640e-002
607.916870 1.141425e-002
608.034241 1.085746e-002
608.151611 1.533711e-002
608.268921 3.619154e-003
608.386292 7.390160e-003
608.503662 9.009921e-003
608.621033 1.586860e-002
608.738403 1.956368e-002
608.855774 1.397044e-002
608.973145 1.445131e-002
609.090515 1.872849e-002
609.207886 7.187690e-003
609.325256 1.561551e-002
609.442688 1.753898e-002
609.560059 2.204394e-002
609.677429 1.432476e-002
609.794861 1.893096e-002
609.912231 1.391982e-002
610.029602 2.196801e-002
610.147034 2.227172e-002
610.264404 2.864952e-002
610.381836 2.791557e-002
610.499207 1.832355e-002
610.616638 3.457177e-002
610.734009 3.786192e-002
610.851440 4.474590e-002
610.968872 5.616016e-002
611.086304 5.284471e-002
611.203674 6.099413e-002
611.321106 5.588176e-002
611.438538 5.183236e-002
611.555969 3.963353e-002
611.673401 4.983296e-002
611.790833 3.178781e-002
611.908264 3.520450e-002
612.025696 3.768475e-002
612.143127 3.302794e-002
612.260559 2.237295e-002
612.377991 3.621684e-002
612.495483 2.373962e-002
612.612915 3.176250e-002
612.730347 3.540697e-002
612.847839 2.184147e-002
612.965271 1.257846e-002
613.082703 1.771614e-002
613.200195 2.153776e-002
613.317627 3.120571e-002
613.435120 1.255315e-002
613.552551 1.764021e-002
613.670044 1.675440e-002
613.787537 1.688095e-002
613.904968 1.260377e-002
614.022461 2.778903e-002
614.139954 1.847540e-002
614.257446 2.783964e-002
614.374878 1.462847e-002
614.492371 3.424276e-002
614.609863 2.166430e-002
614.727356 1.217352e-002
614.844849 1.151549e-002
614.962341 1.738712e-002
615.079834 1.799453e-002
615.197327 1.677971e-002
615.314880 2.265135e-002
615.432373 1.159141e-002
615.549866 2.323345e-002
615.667358 6.554971e-003
615.784912 1.718465e-002
615.902405 1.677971e-002
616.019897 1.872849e-002
616.137451 2.333468e-002
616.254944 9.212391e-003
616.372498 1.652662e-002
616.489990 1.394513e-002
616.607544 1.247722e-002
616.725037 1.174327e-002
616.842590 2.120875e-002
616.960144 1.657724e-002
617.077637 1.050314e-002
617.195190 1.174327e-002
617.312744 2.224641e-002
617.430298 6.833367e-003
617.547852 2.072788e-002
617.665405 1.204697e-002
617.782959 2.419518e-002
617.900513 9.136464e-003
618.018066 9.819802e-003
618.135620 8.174731e-003
618.253174 8.655598e-003
618.370728 1.219883e-002
618.488281 2.156307e-002
618.605835 1.536242e-002
618.723450 2.260073e-002
618.841003 1.652662e-002
618.958557 7.288925e-003
619.076172 7.744483e-003
619.193726 4.833974e-003
619.311279 4.808666e-003
619.428894 1.212290e-002
619.546448 6.858676e-003
619.664063 1.030067e-002
619.781677 2.133529e-002
619.899231 1.890565e-002
620.016846 7.238308e-003
620.134460 1.181919e-002
620.252014 1.898158e-002
620.369629 1.133833e-002
620.487244 6.757441e-003
620.604858 1.397044e-002
620.722473 2.050010e-003
620.840088 1.521057e-002
620.957703 1.645070e-002
621.075317 1.667848e-002
621.192932 3.619154e-003
621.310547 2.199332e-002
621.428162 1.065499e-002
621.545776 1.085746e-002
621.663391 9.769184e-003
621.781067 5.441385e-003
621.898682 1.791861e-002
622.016296 1.586860e-002
622.133911 1.090808e-002
622.251587 4.555578e-003
622.369202 1.095870e-002
622.486877 9.465479e-003
622.604492 7.516704e-003
622.722168 5.871634e-003
622.839783 4.758048e-003
622.957458 2.227172e-002
623.075134 9.161774e-003
623.192749 7.061146e-003
623.310425 9.009921e-003
623.428101 7.921644e-003
623.545776 1.629885e-002
623.663391 1.485625e-002
623.781067 1.495748e-002
623.898743 2.136060e-002
624.016418 1.690626e-002
624.134094 1.518526e-002
624.251770 1.212290e-002
624.369446 1.356550e-002
624.487122 1.212290e-002
624.604858 1.235068e-002
624.722534 3.239522e-003
624.840210 1.569143e-002
624.957886 1.316056e-002
625.075562 2.029763e-002
625.193298 1.903219e-002
625.310974 1.174327e-002
625.428711 4.606196e-003
625.546387 1.389451e-002
625.664063 1.556489e-002
625.781799 1.298340e-002
625.899536 1.553958e-002
626.017212 1.640008e-002
626.134949 1.677971e-002
626.252625 1.584329e-002
626.370361 1.113586e-002
626.488098 1.895627e-002
626.605835 -2.530877e-004
626.723511 1.230006e-002
626.841248 1.391982e-002
626.958984 9.996963e-003
627.076721 9.085847e-003
627.194458 8.579672e-003
627.312195 1.632416e-002
627.429932 7.668556e-003
627.547668 9.111156e-003
627.665405 2.596680e-002
627.783142 1.515995e-002
627.900879 8.959304e-003
628.018677 1.746305e-002
628.136414 1.832355e-002
628.254150 4.580887e-003
628.371887 2.237295e-002
628.489685 4.074711e-003
628.607422 -5.567929e-004
628.725220 8.908686e-003
628.842957 1.093339e-002
628.960754 1.305932e-002
629.078491 1.452723e-002
629.196289 1.928528e-002
629.314026 1.197105e-002
629.431824 1.027536e-002
629.549622 7.719174e-003
629.667358 5.466694e-003
629.785156 1.379328e-002
629.902954 5.061754e-003
630.020752 9.566714e-003
630.138550 3.619154e-003
630.256348 1.647601e-002
630.374146 1.422353e-002
630.491943 3.596376e-002
630.609741 1.245191e-002
630.727539 1.936121e-002
630.845337 1.310994e-002
630.963135 2.247418e-002
631.080933 5.492002e-003
631.198730 2.194270e-002
631.316528 1.407167e-002
631.434387 1.915874e-002
631.552185 1.154080e-002
631.669983 2.070257e-002
631.787842 1.791861e-002
631.905640 1.030067e-002
632.023499 1.675440e-002
632.141296 7.871026e-003
632.259155 1.599514e-002
632.376953 2.186677e-002
632.494812 4.327799e-003
632.612610 1.384390e-002
632.730469 1.574205e-002
632.848328 1.065499e-002
632.966125 1.510933e-002
633.083984 1.250253e-002
633.201843 1.640008e-002
633.319702 1.979146e-002
633.437561 1.485625e-002
633.555420 8.959304e-003
633.673279 5.264224e-003
633.791138 1.819700e-002
633.908997 1.910812e-002
634.026855 7.162381e-003
634.144714 2.201863e-002
634.262573 7.466086e-003
634.380432 9.870419e-003
634.498291 9.338935e-003
634.616211 8.427819e-003
634.734070 9.819802e-003
634.851929 1.004758e-002
634.969788 2.543531e-002
635.087708 1.733650e-002
635.205566 5.390767e-003
635.323486 1.194574e-002
635.441345 9.085847e-003
635.559265 5.871634e-003
635.677124 2.095566e-002
635.795044 5.502126e-002
635.912964 4.365509e-001
636.030823 1.000000e+000
636.148743 1.000000e+000
636.266663 8.719376e-001
636.384521 6.278852e-001
636.502441 3.803655e-001
636.620361 2.206165e-001
636.738281 1.269741e-001
636.856201 8.847945e-002
636.974121 5.421138e-002
637.092041 4.327799e-002
637.209961 3.776068e-002
637.327881 3.128164e-002
637.445801 2.510630e-002
637.563721 2.581494e-002
637.681641 2.763717e-002
637.799622 9.870419e-003
637.917542 7.516704e-003
638.035461 1.503341e-002
638.153381 1.809577e-002
638.271362 1.171796e-002
638.389282 1.166734e-002
638.507263 1.143956e-002
638.625183 2.338530e-002
638.743103 8.604981e-003
638.861084 7.238308e-003
638.979065 1.457785e-002
639.096985 1.262907e-002
639.214966 1.252784e-002
639.332886 2.454950e-003
639.450867 1.313525e-002
639.568848 9.313626e-003
639.686829 1.240130e-002
639.804749 1.116117e-002
639.922729 8.756833e-003
640.040710 1.581798e-002
640.158691 1.025005e-002
640.276672 2.457481e-002
640.394653 1.181919e-002
640.512634 4.859283e-003
640.630615 1.518526e-002
640.748596 1.047783e-002
640.866577 1.161672e-002
640.984558 1.194574e-002
641.102600 1.146487e-002
641.220581 9.212391e-003
641.338562 1.637477e-002
641.456543 8.275967e-003
641.574585 5.998178e-003
641.692566 4.985827e-003
641.810547 5.821017e-003
641.928589 2.012047e-002
642.046570 1.275562e-002
642.164612 9.971654e-003
642.282593 2.986435e-003
642.400635 -2.227172e-003
642.518677 2.201863e-003
642.636658 8.250658e-003
642.754700 6.580279e-004
642.872742 1.108524e-002
642.990723 2.072788e-002
643.108765 1.224944e-002
643.226807 1.265438e-004
643.344849 1.017412e-002
643.462891 9.617332e-004
643.580933 1.427414e-002
643.698975 1.212290e-002
643.817017 5.137680e-003
643.935059 2.783964e-004
644.053101 -1.923466e-003
644.171143 1.758959e-002
644.289185 1.465378e-002
644.407227 1.429945e-002
644.525269 5.441385e-003
644.643311 3.290140e-003
644.761414 1.255315e-002
644.879456 9.060538e-003
644.997498 1.447662e-002
645.115601 1.230006e-002
645.233643 1.060437e-002
645.351746 3.922859e-003
645.469788 1.017412e-002
645.587830 5.694473e-003
645.705933 4.378417e-003
645.824036 1.098400e-002
645.942078 8.149423e-003
646.060181 1.227475e-002
646.178284 4.758048e-003
646.296326 1.273031e-002
646.414429 1.250253e-002
646.532532 7.769791e-003
646.650635 7.744483e-003
646.768677 1.194574e-002
646.886780 5.669164e-003
647.004883 1.189512e-003
647.122986 6.150031e-003
647.241089 6.504353e-003
647.359192 2.125936e-002
647.477295 9.237700e-003
647.595398 8.933995e-003
647.713501 8.427819e-003
647.831665 3.846933e-003
647.949768 6.225957e-003
648.067871 1.462847e-002
648.185974 1.270500e-002
648.304138 1.065499e-002
648.422241 -1.923466e-003
648.540344 8.908686e-003
648.658508 2.581494e-003
648.776611 6.605588e-003
648.894775 5.492002e-003
649.012878 1.612168e-002
649.131042 1.199636e-002
649.249146 1.569143e-002
649.367310 9.440170e-003
649.485413 1.060437e-002
649.603577 4.606196e-003
649.721741 1.235068e-002
649.839844 9.237700e-003
649.958008 4.833974e-003
650.076172 5.998178e-003
650.194336 3.796315e-004
650.312500 8.048188e-003
650.430664 7.896335e-003
650.548767 9.313626e-003
650.666931 1.161672e-002
650.785095 2.303098e-003
650.903259 1.199636e-002
651.021484 6.833367e-003
651.139648 1.528649e-002
651.257813 9.541405e-003
651.375977 1.809577e-002
651.494141 2.012047e-002
651.612305 9.921037e-003
651.730530 5.896943e-003
651.848694 6.985220e-003
651.966858 1.032598e-002
652.085083 -4.074711e-003
652.203247 8.073497e-003
652.321472 1.771614e-002
652.439636 1.002227e-002
652.557800 8.529054e-003
652.676025 7.364851e-003
652.794250 9.516097e-003
652.912415 1.523588e-002
653.030640 1.548897e-002
653.148804 1.882972e-002
653.267029 1.900688e-002
653.385254 4.859283e-003
653.503479 1.505872e-002
653.621704 9.566714e-003
653.739868 1.111055e-002
653.858093 1.956368e-002
653.976318 8.225350e-003
654.094543 6.580279e-003
654.212769 1.374266e-002
654.330994 1.227475e-002
654.449219 4.580887e-003
654.567444 6.074104e-003
654.685669 2.270196e-002
654.803894 3.745697e-003
654.922180 1.252784e-002
655.040405 9.313626e-003
655.158630 4.555578e-004
655.276855 1.655193e-002
655.395142 1.088277e-002
655.513367 1.683033e-002
655.631592 1.113586e-003
655.749878 4.277182e-003
655.868103 1.822231e-002
655.986389 1.313525e-002
656.104614 3.039583e-002
656.222900 5.390767e-002
656.341125 4.466997e-002
656.459412 4.046872e-002
656.577637 1.627354e-002
656.695923 7.339542e-003
656.814209 1.116117e-002
656.932434 8.706216e-003
657.050720 2.424580e-002
657.169006 1.680502e-002
657.287292 1.111055e-002
657.405579 1.025005e-002
657.523865 1.255315e-002
657.642090 3.441992e-003
657.760376 1.569143e-002
657.878662 6.706823e-003
657.996948 2.348654e-002
658.115234 1.523588e-002
658.233582 1.131302e-002
658.351868 2.166430e-002
658.470154 1.136364e-002
658.588440 4.201255e-003
658.706726 1.407167e-002
658.825012 1.986738e-002
658.943359 3.922859e-003
659.061646 5.112371e-003
659.179932 2.108220e-002
659.298279 1.880441e-002
659.416565 1.974084e-002
659.534912 8.959304e-003
659.653198 1.012351e-003
659.771545 5.087062e-003
659.889832 5.061754e-003
660.008179 1.518526e-003
660.126465 3.879834e-002
660.244812 7.714112e-002
660.363159 1.098401e-001
660.481445 9.440170e-002
660.599792 7.602753e-002
660.718140 5.411014e-002
660.836487 4.737801e-002
660.954834 3.330634e-002
661.073120 1.176858e-002
661.191467 1.538773e-002
661.309814 1.619761e-002
661.428162 1.890565e-002
661.546509 1.966491e-002
661.664856 8.731524e-003
661.783203 1.303401e-002
661.901550 7.769791e-003
662.019897 7.086455e-003
662.138306 1.285685e-002
662.256653 1.728589e-002
662.375000 1.766552e-002
662.493347 1.746305e-003
662.611755 2.986435e-003
662.730103 2.406864e-002
662.848450 1.771614e-003
662.966858 -1.796922e-003
663.085205 1.075623e-002
663.203552 1.222413e-002
663.321960 6.327192e-003
663.440308 1.240130e-003
663.558716 1.495748e-002
663.677124 4.251873e-003
663.795471 8.098805e-003
663.913879 1.467908e-002
664.032227 9.566714e-003
664.150635 1.963960e-002
664.269043 2.353715e-003
664.387451 1.184450e-002
664.505798 1.136364e-002
664.624207 6.808058e-003
664.742615 1.462847e-002
664.861023 1.159141e-002
664.979431 1.103462e-002
665.097839 6.554971e-003
665.216248 1.037659e-002
665.334656 9.490788e-003
665.453064 9.212391e-003
665.571472 1.025005e-002
665.689880 6.200648e-003
665.808289 2.416987e-002
665.926697 6.782750e-003
666.045166 1.118647e-002
666.163574 8.250658e-003
666.281982 3.391375e-003
666.400391 5.719781e-003
666.518860 4.884592e-003
666.637268 1.305932e-002
666.755676 4.403725e-003
666.874146 8.124114e-003
666.992554 2.166430e-002
667.111023 1.012351e-002
667.229431 1.733650e-002
667.347900 1.318587e-002
667.466370 9.288318e-003
667.584778 1.462847e-002
667.703247 3.441992e-003
667.821655 7.795100e-003
667.940125 1.224944e-002
668.058594 1.462847e-002
668.177063 1.095870e-002
668.295471 1.027536e-002
668.413940 7.238308e-003
668.532410 2.690322e-002
668.650879 8.845414e-002
668.769348 1.405143e-001
668.887817 1.306945e-001
669.006287 1.055376e-001
669.124756 7.385098e-002
669.243225 6.038672e-002
669.361694 3.454647e-002
669.480164 2.361308e-002
669.598633 1.574205e-002
669.717102 1.141425e-002
669.835632 1.794391e-002
669.954102 1.359081e-002
670.072571 8.250658e-003
670.191040 1.265438e-002
670.309570 1.179389e-002
670.428040 1.564082e-002
670.546570 2.680198e-002
670.665039 1.688095e-002
670.783508 1.931059e-002
670.902039 1.614699e-002
671.020508 6.732132e-003
671.139038 1.027536e-002
671.257568 6.453736e-003
671.376038 6.377809e-003
671.494568 7.592630e-004
671.613037 1.293278e-002
671.731567 1.014882e-002
671.850098 -1.796922e-003
671.968628 2.351184e-002
672.087097 1.151549e-002
672.205627 1.776676e-002
672.324158 7.440777e-003
672.442688 1.771614e-003
672.561218 1.014882e-002
672.679749 7.820409e-003
672.798279 1.022474e-002
672.916809 1.794391e-002
673.035339 2.632112e-003
673.153870 3.771006e-003
673.272400 1.085746e-002
673.390930 3.846933e-003
673.509460 1.313525e-002
673.628052 1.050314e-002
673.746582 1.313525e-002
673.865112 1.022474e-002
673.983643 1.062968e-002
674.102234 5.137680e-003
674.220764 1.720996e-002
674.339294 4.454343e-003
674.457886 1.647601e-002
674.576416 5.289532e-003
674.695007 5.896943e-003
674.813538 1.184450e-002
674.932129 7.542013e-003
675.050659 6.428427e-003
675.169250 1.141425e-002
675.287781 1.450192e-002
675.406372 2.075319e-003
675.524963 7.719174e-003
675.643494 5.314841e-003
675.762085 1.136364e-002
675.880676 8.579672e-003
675.999268 -7.845717e-004
676.117859 9.921037e-003
676.236389 1.951306e-002
676.354980 1.293278e-002
676.473572 1.599514e-002
676.592163 5.188297e-003
676.710754 9.845111e-003
676.829346 1.085746e-002
676.947937 1.688095e-002
677.066528 5.643855e-003
677.185120 9.288318e-003
677.303711 9.617331e-003
677.422363 2.480259e-003
677.540955 1.804515e-002
677.659546 7.744483e-003
677.778137 1.230006e-002
677.896790 1.652662e-002
678.015381 1.736181e-002
678.133972 8.427819e-003
678.252625 2.424580e-002
678.371216 1.493217e-003
678.489807 9.794493e-003
678.608459 7.795100e-003
678.727051 5.466694e-003
678.845703 2.328407e-003
678.964294 1.862725e-002
679.082947 1.908281e-002
679.201599 1.331241e-002
679.320190 -3.998785e-003
679.438843 2.632112e-003
679.557495 1.019943e-002
679.676086 1.391982e-003
679.794739 9.592023e-003
679.913391 6.630897e-003
680.032043 5.162988e-003
680.150696 3.522980e-002
680.269287 1.265438e-003
680.387939 7.845717e-003
680.506592 7.946953e-003
680.625244 1.969022e-002
680.743896 9.971654e-003
680.862549 4.150638e-003
680.981201 6.934602e-003
681.099854 6.023487e-003
681.218506 5.871634e-003
681.337219 2.353715e-003
681.455872 2.384086e-002
681.574524 1.070561e-002
681.693176 1.118647e-002
681.811829 5.036444e-003
681.930542 1.956368e-002
682.049194 5.745090e-003
682.167847 1.505872e-002
682.286560 3.998785e-003
682.405212 7.288925e-003
682.523926 1.192043e-002
682.642578 6.099413e-003
682.761292 2.783964e-003
682.879944 1.260377e-002
682.998657 8.503745e-003
683.117310 1.030067e-002
683.236023 7.263616e-003
683.354675 2.151245e-003
683.473389 1.014882e-002
683.592102 1.143956e-002
683.710815 6.276574e-003
683.829468 1.341365e-002
683.948181 6.225957e-003
684.066895 6.453736e-003
684.185608 8.275967e-003
684.304321 9.870419e-004
684.423035 9.996963e-003
684.541687 1.280624e-002
684.660400 4.707430e-003
684.779114 5.694473e-003
684.897827 4.732740e-003
685.016541 9.009921e-003
685.135315 2.044948e-002
685.254028 2.885199e-003
685.372742 8.579672e-003
685.491455 2.037356e-002
685.610168 8.604981e-003
685.728882 1.440069e-002
685.847656 4.530269e-003
685.966370 8.503745e-003
686.085083 6.580279e-003
686.203796 1.581798e-002
686.322571 4.606196e-003
686.441284 3.163596e-003
686.560059 2.044948e-002
686.678772 1.584329e-002
686.797546 1.247722e-002
686.916260 1.660255e-002
687.035034 8.858069e-003
687.153748 1.242660e-002
687.272522 1.594452e-003
687.391235 1.442600e-003
687.510010 4.606196e-003
687.628784 1.093339e-002
687.747498 1.174327e-002
687.866272 8.098805e-003
687.985046 1.536242e-002
688.103821 1.176858e-002
688.222595 1.457785e-002
688.341309 1.984207e-002
688.460083 9.794493e-003
688.578857 1.414760e-002
688.697632 -1.265438e-003
688.816406 1.045252e-002
688.935181 7.617939e-003
689.053955 4.859283e-003
689.172729 2.184147e-002
689.291504 1.726058e-002
689.410278 5.466694e-003
689.529053 1.111055e-002
689.647888 7.820409e-003
689.766663 6.327192e-003
689.885437 1.141425e-002
690.004211 6.327192e-003
690.123047 2.176554e-003
690.241821 1.429945e-002
690.360596 8.250658e-003
690.479431 1.273031e-002
690.598206 7.643247e-003
690.716980 5.314841e-004
690.835815 1.217352e-002
690.954590 1.541304e-002
691.073425 1.186981e-002
691.192200 7.769791e-003
691.311035 1.946244e-002
691.429810 4.833974e-003
691.548645 2.087973e-002
691.667480 1.019943e-002
691.786255 3.948167e-003
691.905090 8.630290e-003
692.023926 8.326584e-003
692.142761 8.427819e-003
692.261536 9.743875e-003
692.380371 9.085847e-003
692.499207 6.453736e-003
692.618042 1.359081e-002
692.736877 8.275967e-003
692.855713 1.103462e-002
692.974548 1.880441e-002
693.093384 4.555578e-003
693.212219 1.536242e-002
693.331055 6.630897e-003
693.449890 1.503341e-002
693.568726 2.437234e-002
693.687561 2.497975e-002
693.806396 4.429034e-003
693.925232 1.855133e-002
694.044067 7.263616e-003
694.162964 2.480259e-003
694.281799 1.356550e-002
694.400635 8.427819e-003
694.519470 8.604981e-004
694.638367 9.693258e-003
694.757202 7.769791e-003
694.876099 1.908281e-002
694.994934 1.189512e-002
695.113770 1.027536e-002
695.232666 2.708038e-003
695.351501 2.024701e-002
695.470398 5.567929e-003
695.589294 4.175947e-003
695.708130 9.794493e-003
695.827026 6.479044e-003
695.945862 1.872849e-002
696.064758 1.222413e-002
696.183655 7.187690e-003
696.302490 9.946345e-003
696.421387 3.771006e-003
696.540283 6.580279e-004
696.659180 7.137072e-003
696.778076 1.394513e-002
696.896912 1.035129e-002
697.015808 9.996963e-003
697.134705 9.718566e-003
697.253601 -2.024701e-004
697.372498 5.264224e-003
697.491394 1.138895e-002
697.610291 1.073092e-002
697.729187 4.631504e-003
697.848083 1.141425e-002
697.966980 9.212391e-003
698.085938 7.187690e-003
698.204834 1.265438e-002
698.323730 3.290140e-004
698.442627 8.807451e-003
698.561523 -3.771006e-003
698.680481 9.617331e-003
698.799377 9.364244e-004
698.918274 1.900688e-002
699.037231 5.466694e-003
699.156128 2.859891e-003
699.275024 5.087062e-003
699.393982 1.136364e-002
699.512878 7.896335e-003
699.631836 6.377809e-003
699.750732 1.078153e-002
699.869690 9.111156e-003
699.988586 8.529054e-003
700.107544 1.133833e-002
700.226501 1.111055e-002
700.345398 1.164203e-002
700.464355 1.095870e-002
700.583313 2.227172e-003
700.702209 3.391375e-003
700.821167 6.909294e-003
700.940125 4.631504e-003
701.059082 1.870318e-002
701.178040 1.060437e-002
701.296936 6.327192e-003
701.415894 7.440777e-003
701.534851 4.909901e-003
701.653809 -2.024701e-004
701.772766 1.295809e-002
701.891724 1.764021e-002
702.010681 9.364244e-003
702.129639 3.892488e-002
702.248596 5.618546e-003
702.367554 1.305932e-002
702.486572 1.404637e-002
702.605530 1.708342e-002
702.724487 -1.138894e-003
702.843445 1.779206e-002
702.962402 1.293278e-002
703.081421 2.454950e-003
703.200378 2.075319e-003
703.319336 8.124114e-003
703.438354 1.586860e-002
703.557312 1.888034e-002
703.676270 5.694473e-003
703.795288 1.356550e-002
703.914246 3.290140e-003
704.033264 5.416076e-003
704.152222 7.617939e-003
704.271240 9.743875e-003
704.390198 1.007289e-002
704.509216 1.399575e-002
704.628174 4.985827e-003
704.747192 1.528649e-002
704.866211 1.265438e-003
704.985168 6.048795e-003
705.104187 5.112371e-003
705.223206 8.858069e-003
705.342224 6.732132e-003
705.461182 3.695080e-003
705.580200 9.364244e-003
705.699219 1.300871e-002
705.818237 1.751367e-002
705.937256 7.972262e-003
706.056274 1.596983e-002
706.175293 3.366066e-003
706.294312 2.986435e-003
706.413330 9.642640e-003
706.532349 8.453128e-003
706.651367 1.485625e-002
706.770386 2.110751e-002
706.889404 2.001924e-002
707.008423 1.012351e-002
707.127441 1.032598e-002
707.246460 -1.999393e-003
707.365540 3.897550e-003
707.484558 1.384390e-002
707.603577 1.543835e-003
707.722595 1.391982e-002
707.841675 3.011743e-003
707.960693 1.680502e-002
708.079712 1.045252e-002
708.198792 1.047783e-002
708.317810 1.156611e-002
708.436890 4.226564e-003
708.555908 2.300567e-002
708.674988 9.794493e-003
708.794006 3.846933e-003
708.913086 1.450192e-002
709.032104 1.596983e-002
709.151184 6.858676e-003
709.270203 1.591921e-002
709.389282 6.580279e-003
709.508362 9.642640e-003
709.627380 1.483094e-002
709.746460 1.103462e-002
709.865540 1.834886e-002
709.984619 5.441385e-003
710.103638 2.037356e-002
710.222717 2.376493e-002
710.341797 1.113586e-002
710.460876 1.374266e-002
710.579956 6.934602e-003
710.699036 1.143956e-002
710.818115 5.896943e-003
710.937195 1.381859e-002
711.056274 1.027536e-002
711.175354 4.884592e-003
711.294434 3.290140e-003
711.413513 1.460316e-002
711.532593 1.027536e-002
711.651672 1.432476e-002
711.770752 8.680907e-003
711.889832 6.883984e-003
712.008972 1.680502e-002
712.128052 1.275562e-002
712.247131 9.237700e-003
712.366211 7.845717e-003
712.485352 1.951306e-002
712.604431 5.821016e-004
712.723511 1.483094e-002
712.842651 1.672909e-002
712.961731 7.769791e-003
713.080872 9.288318e-003
713.199951 1.103462e-002
713.319092 5.795707e-003
713.438171 2.118344e-002
713.557312 6.225957e-003
713.676392 1.138895e-002
713.795532 2.733347e-003
713.914612 1.252784e-002
714.033752 8.984612e-003
714.152893 5.871634e-003
714.271973 6.479044e-003
714.391113 1.528649e-002
714.510254 3.796315e-003
714.629395 1.186981e-002
714.748474 9.566714e-003
714.867615 6.276574e-003
714.986755 1.450192e-002
715.105896 -3.568536e-003
715.225037 7.491395e-003
715.344177 8.858069e-003
715.463318 1.607107e-002
715.582397 4.808666e-003
715.701538 1.060437e-002
715.820679 7.997571e-003
715.939880 1.470439e-002
716.059021 1.533711e-002
716.178162 1.809577e-002
716.297302 1.040190e-002
716.416443 8.756833e-003
716.535583 8.680907e-003
716.654724 4.884592e-003
716.773865 3.568536e-003
716.893066 1.138895e-002
717.012207 4.125329e-003
717.131348 1.126240e-002
717.250488 5.896943e-003
717.369690 6.074104e-004
717.488831 8.402511e-003
717.608032 8.883378e-003
717.727173 5.972869e-003
717.846313 1.295809e-002
717.965515 1.143956e-002
718.084656 8.756833e-003
718.203857 6.782750e-003
718.322998 9.009921e-003
718.442200 1.169265e-002
718.561340 9.971654e-003
718.680542 1.518526e-003
718.799744 -4.302490e-004
718.918884 2.136060e-002
719.038086 9.338935e-003
719.157288 1.510933e-002
719.276428 8.174731e-003
719.395630 1.784268e-002
719.514832 2.986435e-003
719.634033 8.782142e-003
719.753235 -7.339542e-004
719.872375 -5.162988e-003
719.991577 5.846325e-003
720.110779 1.037659e-002
720.229980 2.042417e-002
720.349182 8.782142e-003
720.468384 1.305932e-002
720.587585 1.128771e-002
720.706787 1.032598e-002
720.825989 -4.100020e-003
720.945190 1.212290e-002
721.064392 1.488155e-002
721.183594 1.589391e-002
721.302795 3.796315e-004
721.421997 1.865256e-002
721.541260 -4.555578e-004
721.660461 3.441992e-003
721.779663 4.530269e-003
721.898865 1.316056e-002
722.018127 5.947560e-003
722.137329 1.032598e-002
722.256531 1.705811e-002
722.375793 6.479044e-003
722.494995 1.300871e-002
722.614197 5.745090e-003
722.733459 6.327192e-004
722.852661 1.386920e-002
722.971924 2.024701e-004
723.091125 1.085746e-002
723.210388 9.592023e-003
723.329590 1.181919e-002
723.448853 1.126240e-002
723.568054 -1.746305e-003
723.687317 1.242660e-002
723.806580 8.275967e-003
723.925781 1.164203e-002
724.045044 1.789330e-002
724.164307 1.113586e-003
724.283508 7.440777e-003
724.402771 2.606803e-003
724.522034 1.217352e-002
724.641296 6.428427e-003
724.760498 1.677971e-002
724.879761 5.162988e-003
724.999023 9.794493e-003
725.118286 2.859891e-003
725.237549 1.146487e-002
725.356812 1.564082e-002
725.476074 1.364143e-002
725.595337 3.872241e-003
725.714600 1.070561e-002
725.833862 1.065499e-002
725.953125 8.124114e-003
726.072388 1.548897e-002
726.191650 7.921644e-003
726.310913 2.809273e-003
726.430176 1.080684e-002
726.549500 3.163596e-003
726.668762 1.103462e-002
726.788025 1.796922e-002
726.907288 1.465378e-002
727.026611 2.834582e-003
727.145874 1.025005e-002
727.265137 1.500810e-002
727.384399 4.606196e-003
727.503723 7.415469e-003
727.622986 2.176554e-002
727.742310 3.517919e-003
727.861572 -1.670379e-003
727.980896 4.656813e-003
728.100159 7.288925e-003
728.219421 2.024701e-004
728.338745 9.592023e-003
728.458069 5.593237e-003
728.577332 1.771614e-002
728.696655 -1.442600e-003
728.815918 1.285685e-002
728.935242 4.302491e-003
729.054565 1.240130e-002
729.173828 7.390160e-003
729.293152 8.883378e-003
729.412476 9.389552e-003
729.531738 1.991800e-002
729.651062 7.061146e-003
729.770386 9.136464e-003
729.889709 1.300871e-002
730.009033 5.238915e-003
730.128357 1.569143e-003
730.247620 6.934602e-003
730.366943 1.113586e-003
730.486267 8.756833e-003
730.605591 4.353108e-003
730.724915 8.959304e-003
730.844238 6.529662e-003
730.963562 1.186981e-002
731.082886 1.113586e-003
731.202209 2.581494e-002
731.321594 2.303098e-003
731.440918 -9.364244e-004
731.560242 1.141425e-002
731.679565 5.795707e-003
731.798889 1.247722e-002
731.918213 4.454343e-003
732.037598 1.166734e-002
732.156921 1.146487e-002
732.276245 1.111055e-002
732.395569 1.619761e-003
732.514954 1.042721e-002
732.634277 1.386920e-002
732.753601 1.050314e-002
732.872986 1.794391e-002
732.992310 1.275562e-002
733.111694 1.559020e-002
733.231018 4.125329e-003
733.350403 1.356550e-002
733.469727 1.576736e-002
733.589111 8.858069e-003
733.708435 1.007289e-002
733.827820 6.959911e-003
733.947144 -7.086455e-004
734.066528 1.452723e-002
734.185913 1.594452e-002
734.305237 9.313626e-003
734.424622 2.227172e-002
734.544006 5.896943e-003
734.663330 3.492610e-003
734.782715 3.796315e-003
734.902100 7.415469e-003
735.021484 1.417291e-002
735.140808 1.617230e-002
735.260193 4.606196e-003
735.379578 6.276574e-003
735.498962 8.706216e-003
735.618347 7.364851e-003
735.737732 1.338834e-002
735.857117 9.440170e-003
735.976501 7.972262e-003
736.095886 1.265438e-002
736.215271 1.116117e-002
736.334656 1.166734e-002
736.454041 4.226564e-003
736.573425 5.846325e-003
736.692810 1.050314e-002
736.812195 9.187083e-003
736.931580 4.682122e-003
737.050964 1.240130e-003
737.170410 6.377809e-003
737.289795 1.348957e-002
737.409180 6.074104e-003
737.528564 6.403118e-003
737.648010 4.859283e-003
737.767395 -1.442600e-003
737.886780 -7.339542e-004
738.006165 5.947560e-003
738.125610 3.745697e-003
738.244995 1.014882e-002
738.364441 3.619154e-003
738.483826 1.369204e-002
738.603271 1.348957e-002
738.722656 1.528649e-002
738.842041 2.624519e-002
738.961487 1.359081e-002
739.080933 2.783964e-004
739.200317 5.314841e-004
739.319763 6.377809e-003
739.439148 2.859891e-003
739.558594 1.422353e-002
739.678040 1.647601e-002
739.797424 -2.999089e-002
739.916870 -2.986434e-002
740.036316 -3.087670e-002
740.155701 -2.956064e-002
740.275146 -3.034521e-002
740.394592 -3.075015e-002