321.491425,-0.000930750000000001
321.599548,-0.000440685
321.707672,-0.00115686
321.815796,-0.001160359
321.92392,-0.0019367262
322.032043,-0.0002682559
322.140198,-0.000101899999999999
322.248322,0.001648648
322.356476,-0.001518123
322.46463,-0.000845549
322.572784,-0.000671829999999998
322.680939,-0.002157216
322.789124,0.000396946
322.897278,0.000521888
323.005463,0.001465642
323.113647,-0.00018588
323.221832,-0.001254458
323.330017,-0.002482758
323.438232,-0.001194338
323.546417,-0.0008494799
323.654633,-0.001073328
323.762848,0.000973896
323.871063,-0.003395094
323.979279,-0.000677559999999999
324.087494,-0.001218274
324.19574,-0.000707060000000001
324.303955,0.000823799
324.412201,0.0017559
324.520447,-0.002630682
324.628693,-0.000186376
324.736969,-0.0019631034
324.845215,0.00351923
324.953491,-0.000818867
325.061737,0.000304150000000001
325.170013,-0.00186668
325.27829,-0.003137119
325.386597,-0.000953200000000001
325.494873,0.00046401953
325.60318,-0.001576565
325.711456,-5.55969999999992e-05
325.819763,-0.00115995
325.92807,0.002676071
326.036407,-0.001200177
326.144714,-0.00252021
326.253021,0.001514884
326.361359,-0.001498693
326.469696,-0.00135906
326.578033,-0.002532083
326.686371,-0.003828549
326.794708,0.000554216999999999
326.903076,-0.000465880000000001
327.011444,-0.000944075
327.119781,-0.00103383
327.228149,0.001404909
327.336517,0.001731977
327.444916,-0.000320029999999999
327.553284,-0.00198799277
327.661682,0.00233022
327.770081,0.01720529
327.878448,0.0250442
327.986877,0.010294395
328.095276,0.0025846901
328.203674,0.00336326
328.312103,9.83560000000008e-05
328.420502,0.000467301
328.528931,-0.0007735148
328.63736,0.001291424
328.745789,-0.00174502
328.854248,-0.001401388
328.962677,-0.00086731
329.071136,0.001608867
329.179596,-0.001807778
329.288055,-0.002553982
329.396515,0.001666546
329.504974,0.000232989999999999
329.613464,0.001768889
329.721924,0.00690832
329.830414,0.051800923
329.938904,0.065009002
330.047394,0.023071505
330.155884,0.002991882
330.264404,0.000951946
330.372894,-0.00196525
330.481415,0.000904686
330.589935,0.000445656
330.698456,0.001918908
330.806976,-2.67399999999991e-05
330.915497,-0.00217279
331.024048,0.000731613000000001
331.132568,-0.001706124
331.241119,0.000321974
331.34967,0.002020414
331.458221,-0.00338651
331.566803,0.000143325
331.675354,0.001465444
331.783936,-0.000679569999999999
331.892487,0.000425003
332.001068,0.001840882
332.10965,-0.002175812
332.218262,-0.001348557
332.326843,-0.001779989
332.435455,0.000147904999999999
332.544037,-0.00136486
332.652649,-0.001070008
332.761261,-3.59740000000002e-05
332.869873,0.00149327
332.978516,-0.001804382
333.087128,-0.000237452
333.19577,-2.79219999999997e-05
333.304413,0.000584648
333.413055,0.00074814
333.521698,0.002252585
333.630341,-0.000460537
333.738983,0.001383073
333.847656,0.000193636
333.956329,0.006928896
334.065002,0.06848612
334.173676,0.11573789
334.282349,0.0644892
334.391022,0.00893115
334.499725,0.00183095
334.608398,-0.001100315
334.717102,0.000424354
334.825806,-0.00319396
334.934509,-0.000284570000000001
335.043243,-0.000517833
335.151947,-0.001705437
335.260681,0.000177719999999999
335.369415,0.000729776
335.478149,-0.000777989999999999
335.586884,-0.001494491
335.695618,-0.000154656000000001
335.804352,-0.001951006
335.913116,0.002022205
336.021881,-0.002055867
336.130615,0.000884869999999999
336.23938,-0.001595581
336.348175,-0.000545889
336.45694,-0.00153381
336.565735,-0.00270138
336.6745,9.61029999999993e-05
336.783295,0.002024425
336.89209,0.000190928
337.000885,-0.003474341
337.10968,0.001578292
337.218506,0.001054555
337.327301,0.001311497
337.436127,0.00169994
337.544952,-0.00070866
337.653778,0.000472643999999999
337.762604,-0.00037889
337.87146,0.000590830000000001
337.980286,-0.00076119
338.089142,-6.14730000000003e-05
338.197998,-0.000992822
338.306854,-0.00232178
338.41571,-0.002105225
338.524567,-0.000642354
338.633453,-0.000853919999999999
338.74231,-0.00117925723
338.851196,-0.002246881
338.960083,-0.00045271
339.06897,0.000776005
339.177856,0.002296211
339.286774,-0.001019772
339.39566,0.00139024
339.504578,-0.001480901
339.613495,-1.03589999999997e-05
339.722412,-0.003079246465
339.831329,-0.000290359
339.940247,0.002110883
340.049194,-5.64739999999999e-05
340.158112,-1.30689999999997e-05
340.267059,-0.001293474
340.376007,0.000538379999999998
340.484955,0.0024352
340.593903,-0.004601143
340.702881,0.0008165105
340.811829,0.001915854
340.920807,0.00081922
341.029785,0.000832312
341.138763,0.000687334
341.247742,-0.000734848999999999
341.35675,-3.30740000000001e-05
341.465729,0.00088568
341.574738,-0.0033016443
341.683716,0.000232690000000001
341.792725,0.001497367
341.901733,0.000936059999999999
342.010773,-0.000692285
342.119781,-0.001038826
342.228821,-0.00078486
342.33783,-5.24999999999831e-06
342.446869,-0.001620772
342.555908,0.002976952
342.664978,0.0004117611
342.774017,-0.001771443
342.883057,0.000756115999999999
342.992126,-0.00298962
343.101196,0.000801695999999999
343.210266,0.000527649999999999
343.319336,-2.18600000000003e-05
343.428406,-0.000107397
343.537506,6.39639999999997e-05
343.646576,0.002907592
343.755676,-0.000761074
343.864777,-0.001301412
343.973877,-0.00096801
344.082977,-0.001463
344.192078,-0.0033277164
344.301208,0.000779021
344.410339,-0.00012645
344.51944,-0.002334874
344.628571,-0.00179683
344.737701,-0.000526889999999999
344.846863,-0.000593874
344.955994,0.000695691
345.065155,0.000119657
345.174286,-0.00180049
345.283447,0.000981566
345.392609,-0.0018579
345.50177,-0.000815622
345.610962,-0.00026009
345.720123,-0.001903098
345.829315,0.000826203
345.938507,0.000347015
346.047699,-0.0035355
346.156891,0.00051059
346.266083,0.000141607
346.375305,-0.002558302
346.484497,0.000372706
346.593719,0.00236210114
346.702942,-0.00123248
346.812164,-0.002761688
346.921387,-0.0002454654
347.030609,-5.89500000000055e-06
347.139862,0.0003388875
347.249084,0.001659256
347.358337,-0.00237077
347.46759,-0.00179427
347.576843,0.00322209
347.686096,-0.000358500000000001
347.79538,-0.000115000000000001
347.904633,-0.000808949999999999
348.013916,0.001767324
348.123199,-9.00639999999999e-05
348.232483,-0.00016161
348.341766,-1.30310000000002e-05
348.45105,0.000165542
348.560364,-0.0024938242
348.669678,-0.0025238266
348.778961,-0.00212336
348.888275,0.0015489381
348.997589,-0.001977384
349.106934,-0.0019155012
349.216248,-0.00210511
349.325562,-0.001442546
349.434906,0.00157760493
349.54425,0.00030907
349.653595,-0.001421582
349.762939,-0.001417731
349.872284,0.001835691
349.981659,-0.0015362127
350.091003,-0.001221517
350.200378,-0.001193117
350.309753,-0.002428473
350.419128,-0.00032869
350.528503,-0.001850572
350.637909,0.00045397
350.747284,-0.00122938
350.856689,0.00113239
350.966095,-0.000836084999999999
351.0755,0.001681206
351.184906,0.003053184
351.294312,-0.002428939
351.403748,0.0004855
351.513153,0.00053303
351.622589,-0.000409881000000001
351.732025,-0.00133791
351.841461,-0.0010527512
351.950897,0.000327126
352.060333,-0.000435418
352.1698,-0.00129439
352.279236,-0.00215982
352.388702,-0.000107739999999999
352.498169,0.00033323
352.607635,-0.001224074
352.717102,0.000594070000000002
352.826599,0.000452029
352.936066,-0.000467253
353.045563,-0.00284789
353.15506,-1.16579999999999e-05
353.264557,-0.001954937
353.374054,-0.000563184
353.483551,-0.00036224
353.593079,-0.00152423
353.702576,-0.00420364
353.812103,0.000955571
353.921631,-0.002404008
354.031158,-0.00060545
354.140686,-0.000789703
354.250244,-0.0018901538
354.359772,-0.002153667
354.46933,-0.000241917
354.578888,-0.00222337
354.688446,6.17800000000009e-05
354.798004,-0.000261578
354.907562,0.002496772
355.01712,-6.37630000000001e-05
355.126709,-0.002003799
355.236298,-0.00093358
355.345886,0.002722757
355.455475,0.000595868
355.565063,0.001084519
355.674652,-0.00101794
355.784271,-0.001596607
355.89386,-2.02429999999997e-05
356.003479,1.1896e-05
356.113098,-0.000410798
356.222717,8.84300000000005e-05
356.332336,0.0005159344
356.441986,-0.003220413
356.551605,-0.001695895
356.661255,-0.002332393
356.770905,0.0008859
356.880524,-0.000735576
356.990204,-0.001167312
357.099854,-0.000466604
357.209503,0.001760987
357.319183,0.001005655
357.428864,0.00199819
357.538513,-0.001056682
357.648193,0.000875714000000001
357.757904,0.00205075
357.867584,0.000224479
357.977264,-0.0003944181
358.086975,-0.000647209999999999
358.196686,-0.0036040903
358.306396,-0.00451055
358.416107,-0.002007578
358.525818,-0.001750177
358.635529,0.00151305
358.74527,0.000217305
358.855011,0.0019068099
358.964722,0.000519827
359.074463,0.000783830000000001
359.184204,0.000951488
359.293976,-0.000801457065
359.403717,-0.000436029
359.513489,-0.001631151
359.62323,-0.00011504
359.733002,-0.001951846
359.842773,-0.0013055337
359.952545,-0.000816233
360.062347,0.00037137
360.172119,-0.00302715
360.281921,-0.001014696
360.391724,-0.0018102201
360.501495,-0.001799383
360.611298,-0.001453685
360.72113,-0.000957393
360.830933,0.00139307
360.940765,0.001362
361.050568,0.000896825
361.1604,-0.00236232
361.270233,-0.00190493
361.380066,0.004744865
361.489899,-0.0007751179
361.599762,0.00068526
361.709595,-0.000484167000000001
361.819458,0.000809320000000001
361.929321,-0.001729296
362.039185,0.001680977
362.149048,0.000559750000000001
362.258911,-0.000810320000000002
362.368805,0.000213984
362.478668,-0.0013925
362.588562,0.0002115424
362.698456,0.000497417999999999
362.80835,0.001914976
362.918243,0.001016271
363.028137,1.49110000000003e-05
363.138062,-0.000357699
363.247955,-0.00334979
363.35788,-0.000370025
363.467804,-0.001570155
363.577728,-0.001721659
363.687653,0.000903885
363.797607,0.002679694
363.907532,0.003148962
364.017487,-0.000262341
364.127441,-0.001727158
364.237396,0.000202910000000001
364.347351,0.001459724
364.457306,-0.00184202
364.567261,8.97299999999997e-05
364.677246,0.003604138
364.787231,0.001991742
364.897186,-0.002024182
365.007172,-0.0011343
365.117157,0.00116659
365.227173,-0.000960880000000001
365.337158,-0.000431030000000001
365.447174,-0.00035221
365.557159,-0.0006990007
365.667175,-0.000968315
365.777191,-0.000384801
365.887238,-0.000619335
365.997253,-0.00141647
366.107269,-3.68130000000001e-05
366.217316,0.001915358
366.327362,-0.000222689999999999
366.437408,0.000500243
366.547455,-0.0009271232
366.657501,-0.000453210000000001
366.767548,-0.00040519
366.877625,0.000524406
366.987671,-0.00101794
367.097748,0.000764596
367.207825,-0.000730730000000001
367.317902,-0.003016265
367.427979,0.0003615633
367.538086,0.0015273689
367.648163,-0.0010774109
367.75827,-0.00284945
367.868378,-0.000743284
367.978485,2.49099999999995e-05
368.088593,-0.002564675
368.1987,-0.000590096
368.308807,-0.0018112131
368.418945,-0.003140518
368.529083,-0.000311471
368.639191,0.000290788
368.749329,0.003890054
368.859497,-0.000566848
368.969635,-0.002182945
369.079773,-0.003345737
369.189941,0.000240591
369.30011,-0.001215261
369.410248,9.22869999999999e-05
369.520416,-0.00195383
369.630615,0.000951907
369.740784,-0.001956616
369.850952,-0.000879949999999999
369.961151,-0.00213965453
370.07135,-0.00141238
370.181549,0.00184821
370.291748,-3.09749999999999e-05
370.401947,0.000544448
370.512146,-0.000492409
370.622375,0.000675343
370.732574,0.000107620000000001
370.842804,0.000194858
370.953033,-0.001674289
371.063263,-0.00105795
371.173492,-0.000972474
371.283752,0.000387059999999998
371.393982,0.0006182
371.504242,0.002215704
371.614471,0.000521811
371.724731,0.004240101
371.834991,0.000158709999999999
371.945282,-0.00254868
372.055542,-0.000952670000000003
372.165833,-0.00353222
372.276093,0.0019799127
372.386383,0.000147217
372.496674,-0.00070157
372.606964,0.0022831597
372.717255,-0.00015015
372.827576,-0.001477009
372.937866,0.0009936719
373.048187,0.00070916
373.158508,-0.00093557
373.268829,0.00139268
373.37915,0.001511677
373.489471,0.000362049999999999
373.599823,0.00127199177
373.710144,0.002966801
373.820496,0.00180969
373.930847,-0.000164959
374.041199,-0.000789857
374.15155,-0.00303997
374.261902,-0.000538906
374.372253,-0.001123144
374.482635,0.000488479999999999
374.593018,-0.00217272
374.7034,4.86540000000004e-05
374.813782,-0.00320797
374.924164,0.000800513
375.034546,-0.001588051
375.144928,0.0007942545
375.255341,-0.001166014
375.365753,-0.003324931
375.476166,-0.0015921
375.586578,-0.001724944
375.696991,0.003225423
375.807404,0.000752414
375.917816,0.001631543
376.028259,0.001985102
376.138702,-0.00118182
376.249146,0.0025632354
376.359589,-0.001199299
376.470032,0.000952479999999999
376.580475,-5.93200000000016e-06
376.690948,0.000405029999999999
376.801392,2.79600000000005e-05
376.911865,-0.00262545
377.022339,-0.000313226
377.132813,-0.00118503
377.243286,0.000581440000000001
377.35376,-0.000258487
377.464264,2.10170000000016e-05
377.574738,-0.000259211
377.685242,-0.000872231
377.795746,-0.001550264
377.90625,-0.000689422
378.016754,-0.002563226
378.127289,0.002806244
378.237793,-0.001834232
378.348328,-0.001809
378.458862,-0.0018866046
378.569366,-0.000542798
378.679932,-0.000969192000000001
378.790466,-0.00329947
378.901001,0.001581803
379.011566,0.001428309
379.122101,0.00106184
379.232666,-0.001065542
379.343231,0.000622055
379.453796,-0.001243429
379.564362,0.00139556
379.674927,-0.003644941
379.785522,-0.000484319
379.896118,-0.001571261
380.006683,-0.000197639999999999
380.117279,-0.00068114
380.227875,0.001081123
380.33847,-0.00247623
380.449097,0.001328945
380.559692,-0.000290741
380.670319,-0.000560704
380.780945,-0.0045140996
380.891571,-0.00348209
381.002197,-0.000467558
381.112823,-0.001832286
381.22345,-0.001221632
381.334106,0.0024081013
381.444733,-0.0016494
381.555389,-0.00191036
381.666046,-0.001196208
381.776703,0.001608981
381.88736,-0.000583370000000001
381.998047,-0.00101165
382.108704,-0.000307195
382.219391,0.001735449
382.330048,-0.001412111
382.440735,0.000646867
382.551422,-0.000352399999999999
382.66214,-0.00212595
382.772827,-0.000815508
382.883514,0.000292659
382.994232,0.000238568
383.10495,-0.0017108934
383.215668,0.00121572
383.326385,-0.001707269
383.437103,-0.00022295
383.547821,0.003232139
383.658569,-0.000124539999999999
383.769287,-0.00017347
383.880035,-0.000881429999999999
383.990784,-0.00161638
384.101532,-0.001346305
384.21228,0.000800704
384.323059,0.0011648
384.433807,-0.000355945
384.544586,-0.001494384
384.655365,-0.000906289999999999
384.766113,0.0007473
384.876923,-0.00335238
384.987701,0.000166838999999999
385.09848,0.00139872
385.20929,-0.000660411999999999
385.320068,0.00083536
385.430878,-0.0016439
385.541687,-0.001697728
385.652496,-0.002630799
385.763306,-0.000730301
385.874115,-0.00110265
385.984955,0.000168939
386.095764,-0.0021148418
386.206604,0.0005667049
386.317444,-0.000912698999999999
386.428284,-0.0006727758
386.539124,0.00287545
386.649994,-0.002163322
386.760834,-0.00227426
386.871704,-0.000922773
386.982544,1.47200000000002e-05
387.093414,-0.000140872
387.204285,0.001377196
387.315155,0.001023445
387.426056,0.00117258814
387.536926,0.001558363
387.647827,0.0021528
387.758698,-0.000866774
387.869598,-0.002541084
387.980499,0.000113856
388.0914,0.000881782000000001
388.202332,-0.001376385
388.313232,-0.002007158
388.424164,-0.000945182
388.535065,-0.001135317
388.645996,-0.00099992
388.756927,0.000539049999999999
388.867859,0.000621787
388.978821,-0.001327714
389.089752,0.000516545
389.200714,0.00038114
389.311646,-0.00135809689
389.422607,-0.00115453
389.533569,0.00270791
389.644531,-0.002326938
389.755493,0.00012504
389.866486,0.0007921175
389.977448,0.00025181
390.08844,0.000914839999999998
390.199432,-0.002829707
390.310425,-0.00189592
390.421417,-0.00010423
390.53241,-3.16990000000005e-05
390.643433,3.46863e-05
390.754425,0.000138478
390.865448,0.001741136
390.97644,-0.000658769999999999
391.087463,-0.000562801999999999
391.198517,0.000295674
391.30954,0.001811451
391.420563,-0.0013612
391.531616,0.000212687
391.642639,-0.000165723
391.753693,-0.000790046999999999
391.864746,0.000773830000000001
391.9758,-0.002045593
392.086853,0.000221539999999999
392.197906,-0.000352234
392.30899,-3.3913e-05
392.420074,-0.001244041
392.531128,-1.53591e-05
392.642212,0.002858045
392.753296,-0.000214433
392.86438,-0.0006985427
392.975494,-0.001001256
393.086578,0.002899309
393.197693,-0.000583228999999999
393.308807,-0.002087014
393.419891,-0.001821373
393.531006,-0.0013812692
393.642151,-0.0020219
393.753265,0.00030265
393.86438,0.0023038
393.975525,0.00037389
394.08667,0.0009069
394.197784,0.000880331
394.308929,0.000331929999999999
394.420105,-0.00156821
394.53125,0.000494137
394.642395,-0.001342909
394.753571,-0.001027824
394.864716,-0.002005402
394.975891,0.001101241
395.087067,-0.000684881
395.198242,-0.0014827328
395.309448,-0.00093877
395.420624,-0.000175159999999999
395.531799,-0.000759887000000001
395.643005,-0.001449144
395.754211,-0.0015340755
395.865417,0.00031220512
395.976624,-0.0026458676
396.08783,-0.001100278
396.199036,-0.000171142
396.310272,-0.00121141
396.421509,-0.00100791
396.532715,0.001535878
396.643951,-0.0017360501
396.755188,-0.000719578
396.866425,0.000961265
396.977692,0.002161195
397.088928,-0.0001193415
397.200195,-0.00113345
397.311462,-0.00036724
397.422699,-0.00081326
397.533966,0.000477606
397.645264,-0.000196336
397.756531,-0.000255319
397.867798,0.00043107
397.979095,-0.001471399
398.090363,-0.000363881
398.20166,0.000309916
398.312958,-0.00061632
398.424255,0.00116335
398.535583,0.001362382
398.646881,-0.000565129999999997
398.758209,0.000440771
398.869507,-0.003565315
398.980835,0.000436599999999999
399.092163,-0.000794435
399.203491,0.000908576000000001
399.314819,-0.001195331
399.426178,0.00140376
399.537506,-0.001420934
399.648865,-0.000361858
399.760193,-0.001773464
399.871552,-2.01400000000001e-05
399.98291,-3.20399999999988e-05
400.094299,0.00082628
400.205658,-0.001430322
400.317017,0.001736556
400.428406,0.002744518
400.539795,0.000295368
400.651184,0.000150619999999999
400.762573,0.001201447
400.873962,0.000617551
400.985352,-0.000918001999999999
401.096741,4.644e-05
401.20816,0.002593581
401.31958,-0.00106268
401.430969,-0.001189875
401.542389,-0.00121205
401.653839,-0.000571198
401.765259,-0.000587424
401.876678,-0.001243269
401.988129,0.000578657
402.099548,-0.000603349999999999
402.210999,0.001155713
402.322449,-0.000314030000000003
402.433899,-0.002826311
402.545349,0.001026499
402.65683,-5.6932e-05
402.76828,-0.001652759
402.879761,0.000511127
402.991211,-0.001498463
403.102692,-0.000346019999999999
403.214172,-0.000819935
403.325653,-0.00295927
403.437164,-0.000137248
403.548645,0.000887510000000001
403.660156,0.00240664
403.771637,0.002095723
403.883148,-0.000623929999999998
403.994659,2.63999999999993e-05
404.106171,0.00151889
404.217712,-0.00119064
404.329224,-0.00102915958
404.440735,0.006003625
404.552277,-0.00102759547
404.663818,-0.002031245
404.77536,-0.001198193
404.886902,-0.00090225
404.998444,-8.09059999999995e-05
405.109985,0.001259811
405.221558,0.003817373
405.333099,-0.002941903
405.444672,-0.000515771
405.556244,0.003360327
405.667816,0.001327761
405.779388,0.00164166
405.890961,-0.00111086
406.002563,0.00096866843
406.114136,-0.000452340000000001
406.225739,0.000483020000000001
406.337341,-6.64400000000009e-05
406.448944,0.000855367
406.560547,0.004364737
406.67215,0.001022835
406.783783,0.000373469
406.895386,-0.000669456
407.007019,-0.000871965
407.118622,0.000275210999999999
407.230255,-0.002217107
407.341888,-0.00316598
407.453552,-0.001121084
407.565186,0.001817252
407.676819,-0.000658885
407.788483,0.001317115
407.900146,-0.000457637
408.01181,0.002924159
408.123474,0.0005394115
408.235138,7.96950000000003e-05
408.346802,-0.001393188
408.458466,0.0010690644
408.57016,-0.00142029
408.681854,-0.00152068
408.793518,0.000928760000000001
408.905212,-0.001570378
409.016907,0.00116945
409.128632,-0.0030241633
409.240326,0.00303936
409.35202,-0.001042905
409.463745,-0.000711517
409.57547,0.00162325
409.687195,0.000775624
409.79892,-0.000797717
409.910645,0.000140004
410.022369,-0.000453889
410.134094,-0.0014347484
410.24585,0.00103989
410.357605,0.0001858521
410.46933,-0.000356859999999999
410.581085,0.000452754
410.692871,0.0004694
410.804626,-0.001461584
410.916382,0.00091747
411.028168,0.000759059999999999
411.139923,0.004081495
411.251709,0.000170923
411.363495,-0.003011573
411.475281,0.00147213
411.587067,0.00023367
411.698853,-0.001250566
411.810669,-6.26559999999999e-05
411.922455,0.002093397
412.034271,0.000208180000000001
412.146088,-0.0006759057
412.257904,0.002652818
412.36972,-0.001576031
412.481537,-0.00216265
412.593384,0.001453275
412.7052,-0.002232876
412.817047,0.00149309
412.928864,0.000961070000000001
413.04071,0.000479740000000001
413.152557,-0.001525795
413.264435,0.001257216
413.376282,0.000623161000000001
413.488129,-0.00051291
413.600006,-0.00118915
413.711884,-0.00020272
413.82373,0.00136062
413.935608,-0.000432709999999999
414.047516,-0.00416902
414.159393,0.000503675
414.271271,0.002753182
414.383179,-0.000340977
414.495056,0.000161830000000002
414.606964,-0.00120549
414.718872,0.000421224
414.83078,0.001202897
414.942688,-0.000917888
415.054626,-0.000769852
415.166534,0.00050501
415.278473,7.00690000000007e-05
415.390381,0.002062975
415.502319,-0.002483902
415.614258,0.000228029999999999
415.726196,0.00197288
415.838135,-0.0014581875
415.950104,0.000122176
416.062042,0.000574641999999999
416.174011,0.000832695000000001
416.28598,0.001129527
416.397949,9.72109999999998e-05
416.509918,-0.000235811
416.621887,0.000450923000000001
416.733856,-0.001648675
416.845825,0.002672407
416.957825,0.00055788
417.069824,-0.000195510000000001
417.181824,-0.000179927000000002
417.293823,0.000955647
417.405823,-0.000664991
417.517822,-0.00272852
417.629822,-0.001346725
417.741852,-0.001198918
417.853851,0.001126359
417.965881,0.000450463999999999
418.077911,0.001884211
418.189941,0.001864892
418.301971,0.0027617363
418.414001,-0.0011276468
418.526062,0.000147904999999999
418.638092,-0.001521674
418.750153,-0.001377568
418.862213,0.00159936
418.974274,-0.002031665
419.086334,-0.000129193999999999
419.198395,-0.000330817999999999
419.310455,-0.002084724
419.422546,0.000395458
419.534637,0.0003785
419.646698,-0.00142873
419.758789,-0.000575900000000001
419.87088,0.000147866
419.982971,-0.00149236
420.095093,-0.00020951
420.207184,-0.003363222
420.319275,0.001127237
420.431396,0.000323615
420.543518,0.00177225
420.65564,6.36099999999987e-05
420.767761,0.000633243
420.879883,-0.00090908
420.992004,0.002089657
421.104156,-0.000266348
421.216278,0.002725467
421.32843,-3.37219999999999e-05
421.440582,-0.001430208
421.552734,0.000898084
421.664886,-0.000835240000000001
421.777039,0.002527686
421.889221,0.00248131
422.001373,0.00290957
422.113556,-0.0022414999
422.225739,-0.00184592
422.337891,-0.003362989
422.450073,0.001134947
422.562286,-0.0010805779
422.674469,-0.000136598
422.786652,-0.000561466000000001
422.898865,-0.00110559
423.011078,0.000142714
423.12326,0.002457421
423.235474,-6.07490000000006e-05
423.347687,-0.00091869
423.45993,-9.54829999999999e-05
423.572144,0.002116531
423.684357,-0.003071882
423.7966,0.000287229999999999
423.908844,0.000738219
424.021088,0.000243452
424.133331,-0.001883323
424.245575,-0.000481487
424.357819,9.73629999999996e-05
424.470062,-0.0021689317
424.582336,0.00127843
424.69458,0.00231652
424.806854,-0.000342579
424.919128,0.001762551
425.031403,-0.000464697
425.143677,0.0025894982
425.255981,-0.002415952
425.368256,0.001358412
425.48056,0.000412699999999998
425.592834,0.002168865
425.705139,0.000559492
425.817444,-0.00217436
425.929749,0.001688189
426.042053,0.000387969999999998
426.154388,0.0005899146
426.266693,-0.000592461
426.379028,-0.001468193
426.491333,0.001364097
426.603668,-0.002007043
426.716003,0.00136928
426.828339,0.000813909999999999
426.940674,0.000979506
427.05304,-0.0003462045
427.165375,0.00276195
427.27774,0.00119175
427.390106,-0.000610060999999999
427.502472,-0.0003470443
427.614838,-0.002235776
427.727203,-0.000626100000000001
427.839569,0.00029407
427.951935,-0.000494394
428.064331,-0.001397151
428.176727,-8.03330000000001e-05
428.289093,-0.0007487786
428.401489,-0.000181492
428.513885,0.00169777
428.626312,0.000905946
428.738708,0.00127382414
428.851105,0.0012730224
428.963531,0.001911122
429.075958,0.00151751
429.188354,0.00069
429.300781,-0.001907297
429.413208,-0.0007751179
429.525665,-0.000335749
429.638092,0.001808399
429.750519,0.000852848
429.862976,-0.00145732
429.975433,-0.001088097
430.087891,-0.00062972
430.200348,-0.00118671
430.312805,0.00328962
430.425262,0.001282181
430.53772,0.00169452
430.650208,-0.0007676
430.762665,0.00227609
430.875153,-0.00389169
430.98764,0.00063175
431.100128,-0.000613077
431.212616,-0.0019384437
431.325134,-0.000160305
431.437622,0.001031192
431.55011,-0.000466529
431.662628,-0.003244845
431.775146,-0.000705259
431.887665,0.000672061
432.000183,0.0015192
432.112701,-0.001474071
432.22522,0.0012732513
432.337769,0.0021558525
432.450287,-0.00331111
432.562836,8.06100000000001e-05
432.675385,0.00136524
432.787933,0.000997794
432.900482,-0.002481726
433.013031,0.001488238
433.12558,0.002132834
433.238159,-0.00276268
433.350708,-0.000207373000000001
433.463287,0.00043325
433.575867,-0.002074683
433.688446,0.003053146
433.801025,-0.000634031
433.913605,-0.00220005
434.026215,0.0011189186
434.138794,0.001332226
434.251404,0.000395229
434.363983,0.00139628
434.476593,0.00185069
434.589203,9.4195e-05
434.701813,0.000324722000000001
434.814453,-0.00166787
434.927063,-0.000305366
435.039673,-0.000580750000000001
435.152313,-0.002298032
435.264954,-0.001581373
435.377594,0.005175305
435.490234,0.010675059
435.602875,0.007284368
435.715515,0.00226166
435.828156,0.000634260000000001
435.940826,0.00268363
436.053497,-0.000272069999999999
436.166138,0.00055788
436.278809,0.001052341
436.391479,0.000777837
436.50415,-0.000411331
436.616852,0.000935150000000001
436.729523,0.00190936
436.842224,0.00111342
436.954895,0.001736022
437.067596,0.001357
437.180298,0.0019570076
437.292999,0.001478049
437.405701,0.000165428
437.518402,7.45399999999997e-05
437.631134,0.00227994
437.743835,-0.000179202000000002
437.856567,0.00068232
437.969299,0.002163752
438.082031,0.00124122
438.194763,-0.001722163
438.307495,0.000569033
438.420227,-0.00113349
438.53299,0.0016244827
438.645721,-0.00159356
438.758484,-0.00109192
438.871246,0.001934866
438.984009,0.000933163000000001
439.096771,-0.00055296
439.209534,0.001691129
439.322296,-0.00202064
439.435089,0.00069069173
439.547852,0.001558135
439.660645,0.001641808
439.773438,0.002603549
439.88623,0.001463464
439.999023,-0.000597422
440.111816,0.002141915
440.224609,0.0008946115
440.337433,0.00115247
440.450226,0.000605328
440.563049,0.00137005
440.675873,-3.04780000000004e-05
440.788696,-0.000436411
440.90152,0.003149687
441.014343,-0.000183782
441.127167,0.000156536
441.240021,0.00136558
441.352844,0.0024896364
441.465698,-0.000108122
441.578552,0.000542846
441.691406,-0.001577519
441.80426,0.001129794
441.917114,0.0009963426
442.029968,0.00127641
442.142853,0.00344694
442.255707,0.001404795
442.368591,0.001281074
442.481476,0.001104676
442.59436,-0.00416126477
442.707245,0.002161615
442.820129,-0.00219875
442.933044,0.0016007771
443.045929,0.00215314
443.158844,-6.22750000000001e-05
443.271729,0.000435919999999999
443.384644,-0.000513635
443.497559,0.002761126
443.610474,0.00149946
443.723389,0.001201026
443.836334,0.000553263
443.949249,0.003334859
444.062195,-0.0002767
444.17511,0.000328241
444.288055,0.000441001
444.401001,-0.00225613
444.513947,-0.001039959
444.626923,-0.000815127
444.739868,0.002551402
444.852814,0.000339117
444.96579,0.000897283
445.078766,0.001717964
445.191711,-0.00379866
445.304688,0.001161666
445.417664,-0.00095018
445.53067,0.00159767
445.643646,0.002676987
445.756622,0.003915975
445.869629,-0.002894796
445.982635,0.002351747
446.095612,0.001943415
446.208618,0.002422716
446.321655,0.002120309
446.434662,-0.00015248
446.547668,0.002739213
446.660675,0.0015515331
446.773712,0.00131562
446.886749,-0.001347297
446.999786,-0.000341892
447.112793,0.00181107
447.225861,0.000141684
447.338898,0.001813779
447.451935,0.003352005
447.564972,0.00104035
447.67804,0.000913270000000001
447.791107,-0.00035262
447.904175,-7.25499999999994e-05
448.017212,0.001177779
448.13031,0.0033225741
448.243378,0.00023231
448.356445,0.00100283
448.469513,0.003003062
448.582611,0.000786730000000001
448.695709,9.62560000000012e-05
448.808777,0.000940000000000002
448.921875,0.000156719999999999
449.034973,0.002341906
449.148102,-0.000558909999999999
449.2612,0.002117905
449.374298,0.00261694
449.487427,0.001660476
449.600525,0.00040751
449.713654,0.00150297
449.826782,0.0033428
449.939911,0.000985263
450.05304,0.00263049
450.166199,-0.000595133
450.279327,0.000541739
450.392456,0.001232403
450.505615,0.001564241
450.618774,0.001838172
450.731934,0.000851664
450.845093,0.000948359
450.958252,-0.000797221
451.071411,4.51039999999998e-05
451.184601,-0.000278189999999999
451.29776,0.001362611
451.41095,0.000646905000000001
451.524109,0.002831051
451.637299,0.003472825
451.750488,0.001022721
451.863678,0.002595642
451.976898,0.00045917
452.090088,-0.000812836000000001
452.203308,0.002650534
452.316498,0.001516448
452.429718,-0.000462484
452.542938,0.00139215
452.656158,0.002372671
452.769379,0.00010018
452.882599,-0.000939684999999999
452.995819,0.001051807
453.10907,-0.00116277
453.22229,0.000552768
453.335541,0.00159649
453.448792,-0.000499550000000001
453.562042,0.002651144
453.675293,0.000895833
453.788544,0.00111551
453.901794,0.001538398
454.015076,-0.000556850000000001
454.128326,0.0012462258
454.241608,0.001239814
454.354889,0.001963991
454.46817,-0.000659877
454.581451,0.00169506
454.694733,-0.00199388
454.808014,0.001920434
454.921326,0.001284967
455.034607,0.000357130000000001
455.147919,-0.003018936
455.26123,0.0004130967
455.374542,0.002644619
455.487854,0.001814924
455.601166,0.000138936
455.714478,0.00047314
455.827789,-0.0004707261
455.941132,0.004092938
456.054474,-0.000154731999999999
456.167786,-0.001212503
456.281128,0.00025872
456.39447,0.001385439
456.507813,0.0001174
456.621185,0.002313086
456.734528,0.003308218
456.84787,7.21299999999984e-05
456.961243,0.0028185362
457.074615,-0.001224342
457.187988,0.001533971
457.301361,-0.000415835
457.414734,-0.001879049
457.528107,0.002999629
457.641479,0.001411816
457.754883,0.001972077
457.868256,-0.000835909999999999
457.981659,-0.00045283
458.095062,0.000636100000000001
458.208466,8.30906e-05
458.321869,0.00182092
458.435272,-0.001139179
458.548676,-0.0009514396
458.662109,0.001031459
458.775513,0.0004887558
458.888947,0.00131501
459.00238,0.002021743
459.115784,0.003868594
459.229218,0.00173395
459.342682,0.00311014
459.456116,0.001053753
459.56955,-0.00150373
459.683014,0.00236492
459.796448,0.002044955
459.909912,0.003000201
460.023376,-7.53300000000002e-05
460.136841,0.00116407
460.250305,0.00111563
460.36377,-7.273e-05
460.477264,-0.0003203615
460.590729,0.003916319
460.704224,6.32499999999995e-06
460.817688,0.003102504
460.931183,0.004650348
461.044678,0.00063583
461.158173,-0.000305287999999999
461.271667,0.001587832
461.385193,0.000763700000000001
461.498688,0.001510455
461.612213,-0.000635791
461.725708,0.0028149489
461.839233,0.00278964
461.952759,0.003361547
462.066284,0.00402739
462.17981,0.0005828
462.293335,0.00152802
462.406891,0.007054225
462.520416,0.014264321
462.633972,0.011782417
462.747528,0.007602656
462.861053,0.00489049
462.974609,0.002866749
463.088165,0.001362152
463.201752,0.00187199
463.315308,0.002477224
463.428864,0.001075741
463.54245,0.004045566
463.656036,0.002998139
463.769623,0.00212798
463.883179,0.002035109
463.996765,0.002146422
464.110382,0.00058774
464.223969,-0.000813828000000001
464.337555,0.001943606
464.451172,0.00205575
464.564789,0.001915816
464.678375,0.00310895
464.791992,0.001971014
464.905609,0.0028647653
465.019226,0.001621964
465.132874,0.003277452
465.24649,0.001330509
465.360107,0.001833822
465.473755,0.0031480079
465.587402,0.001764498
465.70105,0.001917152
465.814667,0.001561759
465.928345,0.002849035
466.041992,0.00222162
466.15564,0.0042853
466.269287,0.0001091243
466.382965,0.003328947
466.496643,0.003103687
466.610291,0.00534425
466.723969,0.007805776
466.837646,0.005325859
466.951324,0.00829279
467.065033,0.008614129
467.178711,0.014596314
467.292419,0.05361636
467.406097,0.547802565
467.519806,0.9993513878
467.633514,0.99998315293
467.747223,0.98449227
467.860931,0.98555364
467.97464,0.609477801
468.088348,0.33189863
468.202087,0.149967204
468.315796,0.08874749
468.429535,0.05664406
468.543274,0.049742861
468.657013,0.03745951
468.770752,0.032789455
468.884491,0.01796455
468.99823,0.024088472
469.111969,0.016039524
469.225739,0.01446056
469.339508,0.0117765408
469.453247,0.013027893
469.567017,0.006771396
469.680786,0.01038322
469.794556,0.0077429
469.908325,0.008551944
470.022125,0.005632045
470.135895,0.00954219
470.249695,0.0068422483
470.363464,0.00972038
470.477264,0.008932106
470.591064,0.00817395
470.704865,0.0077287797
470.818665,0.01184166
470.932465,0.009810316
471.046295,0.011606744
471.160095,0.01273357
471.273926,0.01917746
471.387756,0.02285219
471.501587,0.09534074
471.615387,0.922728841
471.729248,1.002181696
471.843079,0.98461862
471.956909,0.993741313
472.07074,0.991896559
472.184601,0.991290065
472.298462,0.995156467
472.412292,0.587009587
472.526154,0.192847136
472.640015,0.12164114
472.753876,0.092569031
472.867767,0.077161415
472.981628,0.060306267
473.09552,0.0461207278
473.209381,0.03691574
473.323273,0.03262214
473.437164,0.02437145
473.551056,0.022236768
473.664948,0.0215151
473.778839,0.01965898
473.892731,0.015020687
474.006653,0.016215572
474.120544,0.015247621
474.234467,0.013360033
474.348389,0.00908114
474.46228,0.011048654
474.576202,0.009252729
474.690125,0.0116762951
474.804077,0.011174279
474.917999,0.00878316
475.031921,0.0081499
475.145874,0.006675698
475.259827,0.00577256
475.373779,0.00719607514
475.487701,0.009412829
475.601654,0.00331597
475.715637,0.008265108
475.82959,0.003793323
475.943542,0.0065623255
476.057526,0.00776577
476.171478,0.005054254
476.285461,0.0047546
476.399445,0.00451781
476.513428,0.00757662
476.627411,0.0078404
476.741394,0.00541564
476.855377,0.004019538
476.969391,0.007969568
477.083374,0.009051587
477.197388,0.007147634
477.311401,0.004300182
477.425415,0.0070514
477.539429,0.00381569
477.653442,0.00744427
477.767456,0.00640551
477.88147,0.005990832
477.995514,0.00599225
478.109528,0.005892348
478.223572,0.005631015
478.337616,0.00512087032
478.45166,0.0042882
478.565704,0.005072238
478.679749,0.0044379
478.793793,0.006460633
478.907867,0.005002679
479.021912,0.0071963045
479.135986,0.00671451
479.250061,0.00562025
479.364105,0.007257493
479.47818,0.00873075
479.592255,0.007286238
479.70636,0.00994465
479.820435,0.008825914
479.934509,0.014141857
480.048615,0.016042419
480.162689,0.016513445
480.276794,0.03439791
480.3909,0.2291609
480.505005,0.992503054
480.61911,0.992477783
480.733215,0.997506634
480.847351,0.995308091
480.961456,0.98290022
481.075592,0.992401971
481.189697,0.990228699
481.303833,0.98648865
481.417969,0.996142021
481.532104,0.62821448
481.64624,0.128827425
481.760376,0.1055153
481.874542,0.0769716551
481.988678,0.06458651
482.102844,0.051616705
482.21701,0.04401467
482.331146,0.03120458
482.445313,0.031700339
482.559479,0.020715
482.673645,0.023755603
482.787842,0.02234549
482.902008,0.017580263
483.016205,0.017296637
483.130371,0.01842396
483.244568,0.01392084
483.358765,0.016371665
483.472961,0.013154895
483.587158,0.011521659
483.701355,0.012420404
483.815552,0.01123986
483.929779,0.009482645
484.043976,0.008273199
484.158203,0.010703411
484.27243,0.007731836
484.386627,0.00857878
484.500854,0.00529875
484.615082,0.0106799
484.72934,0.007387892
484.843567,0.006497691
484.957794,0.007039949
485.072052,0.00736461
485.18631,0.0066908924
485.300537,0.007499666
485.414795,0.007048344
485.529053,0.005169
485.643311,0.00650094
485.757599,0.007153811
485.871857,0.006520146
485.986115,0.00669894
486.100403,0.007333649
486.214691,0.006231862
486.328949,0.004249759
486.443237,0.00207602
486.557526,0.004900533
486.671814,0.0053498709
486.786133,0.003310356
486.900421,0.00690458
487.014709,0.004308815
487.129028,0.00402869
487.243347,0.00870536
487.357635,0.00537113
487.471954,0.005536798
487.586273,0.005026924
487.700592,0.00273535
487.814941,0.00478559
487.92926,0.00600454
488.04361,0.00614662
488.157928,0.00313483
488.272278,0.004743147
488.386627,0.0072965
488.500977,0.00589479
488.615326,0.003312188
488.729675,0.0020828261
488.844025,0.003731713
488.958374,0.003287832
489.072754,0.00321629
489.187103,0.00463053
489.301483,0.004945771
489.415863,0.00196754
489.530243,0.003333183
489.644623,0.00321652
489.759003,0.002873848
489.873383,0.003610817
489.987793,0.0045326631
490.102173,0.00734766
490.216583,-0.000500232
490.330963,0.00495917
490.445374,0.003439534
490.559784,0.00652812
490.674194,0.001161016
490.788605,0.006345152
490.903046,0.002067974
491.017456,0.00349262
491.131897,0.004041523
491.246307,0.003278864
491.360748,0.003909599
491.475189,0.00391689
491.58963,0.003237331
491.704071,0.004242964
491.818512,0.002441919
491.932953,0.004739179
492.047394,0.00265889
492.161865,0.0054760714
492.276337,0.002550821
492.390778,0.003461862
492.505249,0.002780284
492.61972,0.001970896
492.734192,0.001968189
492.848663,0.00088843
492.963135,-0.000359645
493.077637,0.00437691
493.192108,0.007055554
493.30661,0.00104424
493.421112,0.004015948
493.535583,0.003963459
493.650085,0.00156279
493.764587,0.0028926313
493.87912,0.002902437
493.993622,0.003635057
494.108124,0.005292689
494.222656,0.002673438
494.337158,0.00184256
494.451691,0.003810348
494.566223,0.004364622
494.680756,0.002873466
494.795288,0.0022829688
494.909821,0.003506491
495.024353,0.00361925
495.138916,0.003452286
495.253448,0.001966127
495.368011,0.001283783
495.482544,0.0037027781
495.597107,0.003130065
495.71167,-0.000232948
495.826233,0.0039011655
495.940796,0.0026357271
496.055389,0.002877243
496.169952,0.00149976
496.284515,0.0041096267
496.399109,0.00304143
496.513702,0.004843314
496.628265,0.00316652
496.742859,-0.00021325
496.857452,0.000483830000000001
496.972076,0.002295523
497.08667,0.002594649
497.201263,0.0051467896
497.315887,0.00225094
497.430481,0.002342974
497.545105,0.00321873
497.659729,0.002322512
497.774353,0.007044986
497.888977,-0.000847457
498.003601,2.17410000000005e-05
498.118225,-0.000210502
498.232849,0.0057613
498.347504,0.000794102
498.462128,0.00146766
498.576782,0.00544446
498.691437,-0.001616
498.806091,-4.91099999999998e-05
498.920746,0.002113745
499.0354,0.004062597
499.150055,0.00203804
499.264709,0.002567815
499.379395,0.002955042
499.494049,0.002021782
499.608734,0.00416139
499.723419,0.003705984
499.838074,0.001638374
499.952759,0.00169548
500.067474,0.003718387
500.182159,0.000229067
500.296844,0.002449247
500.41153,0.0049678351
500.526245,0.001767402
500.640961,0.00250341
500.755646,0.003006272
500.870361,0.002617707
500.985077,0.002567357
501.099792,0.0029024
501.214508,0.000448556
501.329254,0.003278482
501.44397,0.0050693369
501.558716,0.001718761
501.673431,0.003605894
501.788177,0.000859830000000001
501.902924,0.0014267825
502.01767,-7.22000000000014e-05
502.132416,0.006257437
502.247162,0.002877282
502.361908,0.003986059
502.476654,0.001959717
502.591431,0.001916426
502.706207,-0.000159503
502.820953,0.002095382
502.93573,0.003319522
503.050507,0.00089056
503.165283,0.00085972
503.28006,0.003514923
503.394836,0.001311382
503.509644,-0.000165837
503.62442,0.003933458
503.739227,-0.0008274909
503.854004,0.00488962
503.968811,0.001817904
504.083618,0.003992663
504.198425,0.00192066
504.313232,-0.00303173
504.42804,0.002190167
504.542877,0.00328966
504.657684,0.00155652
504.772491,0.0021830309
504.887329,0.001127313
505.002167,0.00192184
505.117004,0.001464834
505.231842,0.00261659
505.34668,0.002421838
505.461517,0.001048984
505.576355,-0.000358996000000001
505.691223,0.000936589999999999
505.806061,0.001483277
505.920929,0.004110848
506.035767,0.00317606
506.150635,0.000245475
506.265503,0.0042867887
506.380371,-0.000859819999999999
506.495239,0.003629485
506.610107,0.000471460999999999
506.725006,0.002038964
506.839874,0.0038741014
506.954773,0.000321516
507.069672,0.001803781
507.18454,0.00192826
507.299438,0.00200499
507.414337,0.003161907
507.529236,0.002979395
507.644165,0.00189474
507.759064,0.002932055
507.873962,-0.002184625
507.988892,-0.002722825
508.10379,0.0022077293
508.218719,0.00232682
508.333649,0.004332216
508.448578,0.001151286
508.563507,0.002266971
508.678436,0.002346103
508.793365,-0.000343533
508.908325,0.000569147
509.023254,0.002060456
509.138214,0.002569303
509.253174,0.00267931
509.368103,0.0011704138
509.483063,0.00066897
509.598022,0.0024699
509.712982,0.0028933558
509.827972,0.003203243
509.942932,0.00265629
510.057892,0.001566872
510.172882,0.003815542
510.287872,0.00235443
510.402832,0.003031572
510.517822,0.002805092
510.632813,-0.000691293
510.747803,0.00040713
510.862823,-0.000427720000000001
510.977814,0.00285915
511.092804,0.00047993
511.207825,6.78179999999999e-05
511.322815,0.00183038
511.437836,0.002222273
511.552856,0.001842828
511.667877,-0.000134385
511.782898,0.000906976
511.897919,0.001412006
512.012939,0.002350565
512.127991,0.00109204
512.242981,-5.7161e-05
512.358032,0.00174823
512.473083,0.001405595
512.588135,0.002250398
512.703186,0.0035725709
512.818237,0.0029881
512.933289,0.004575068
513.04834,0.0008934671
513.163391,-0.001676541
513.278442,0.000543876
513.393555,0.000289644
513.508606,0.00195036
513.623657,0.00161936
513.73877,0.000700269999999999
513.853821,-0.000712441000000001
513.968933,0.00129145
514.083984,0.003160032
514.199097,0.002164821
514.314209,0.00212553
514.42926,0.000295368
514.544373,0.001225534
514.659485,0.00221085
514.774597,0.00252071
514.889709,-0.000137133
515.004822,0.002779063
515.119934,0.001962656
515.235046,0.00162081
515.350159,0.003775919
515.465271,0.004827429
515.580383,0.002903125
515.695557,0.00189864
515.810669,3.42899999999993e-05
515.925842,0.00354508
516.040955,-0.00093564
516.156067,0.00257289
516.27124,0.002296477
516.386414,0.002095077
516.501526,0.00221624
516.616699,0.000451227
516.731873,0.0029448134
516.847046,0.002390729
516.962219,0.001919095
517.077332,0.002037475
517.192505,0.004018465
517.307678,0.00116079
517.422913,0.002501776
517.538086,0.00513808
517.653259,0.004805476
517.768433,0.010644482
517.883606,0.020393048
517.99884,0.01061508
518.114014,0.00649521
518.229248,0.001288058
518.344421,0.0045916
518.459656,0.000645874
518.574829,9.82789999999997e-05
518.690063,0.004971727
518.805298,0.0023327852
518.920471,0.002797235
519.035706,-0.001825226
519.15094,0.0015477
519.266174,0.001870768
519.381409,0.001838135
519.496643,0.001845193
519.611877,0.002795937
519.727112,0.0019823166
519.842346,6.61770000000006e-05
519.957642,0.006238883
520.072876,0.00422849
520.18811,0.00019127
520.303406,0.00070485
520.41864,0.001532216
520.533875,0.00214989
520.64917,-0.001196438
520.764465,-0.000856929999999999
520.8797,0.000808102999999999
520.994995,0.003548025
521.110291,0.005996286
521.225525,0.004039234
521.34082,0.002901713
521.456116,0.000290979
521.571411,0.00221914
521.686707,0.0056780069
521.802002,-0.000767104
521.917297,0.001132655
522.032593,-0.000184392
522.147949,0.00248161
522.263245,-0.000135262000000001
522.37854,0.003579212
522.493896,0.002757196
522.609192,0.00195876
522.724487,0.000541739
522.839844,0.00225556
522.9552,0.001795153
523.070496,0.002997452
523.185852,0.000271776
523.301208,-0.00078364
523.416504,0.002142869
523.53186,0.001404641
523.647217,-0.00025333
523.762573,-7.59100000000002e-05
523.87793,0.003615927
523.993286,0.001428691
524.108643,0.0012218323
524.223999,0.002098362
524.339355,0.004660696
524.454712,0.00088888
524.570129,-0.000478939999999999
524.685486,0.003356203
524.800842,0.00321259
524.91626,0.004292551
525.031616,0.002338509
525.147034,0.001131664
525.262451,0.00083899
525.377808,0.00184247
525.493225,0.003961399
525.608643,0.002774902
525.723999,0.0003821
525.839417,0.004119852
525.954834,0.002703094
526.070251,0.00329077
526.185669,0.000301131
526.301086,0.001558249
526.416504,0.003185608
526.531921,0.003378611
526.6474,0.0013742191
526.762817,0.000503639
526.878235,0.000634045
526.993652,0.00094480974
527.109131,0.000568231
527.224548,0.001885699
527.340027,0.002291059
527.455444,0.002120576
527.570923,9.77449999999998e-05
527.686401,-0.00029799
527.801819,0.0020588155
527.917297,-0.000719119
528.032776,0.003281306
528.148254,0.003479999
528.263733,0.002050497
528.379211,0.0001616114
528.49469,0.000844330000000001
528.610168,0.0024648619
528.725647,0.003783284
528.841125,0.003940743
528.956604,0.003423542
529.072083,0.007615672
529.187622,0.000624725
529.303101,0.00159623
529.418579,0.002454444
529.534119,-0.000863684
529.649597,2.78399999999995e-05
529.765137,0.001023026
529.880676,0.003305012
529.996155,0.000473598
530.111694,-0.002386102
530.227234,0.002780205
530.342773,0.0003620593
530.458252,0.000142751999999999
530.573792,-0.001218845
530.689331,0.001915701
530.804871,0.005275853
530.92041,-0.000589638
531.03595,-5.75039999999999e-05
531.15155,0.000674808999999999
531.26709,0.002115843
531.382629,0.001021499
531.498169,0.001033254
531.61377,-0.000665105
531.729309,-0.000290245
531.84491,9.95850000000001e-05
531.960449,0.002721919
532.07605,0.000959313999999999
532.191589,0.00129703
532.30719,0.00253998
532.422791,0.0019803699
532.53833,0.002097554
532.653931,0.002138748
532.769531,0.000992359999999999
532.885132,0.001539889
533.000732,1.46439999999994e-05
533.116333,0.00169227
533.231934,0.003654908
533.347534,0.00032774
533.463135,0.004273386
533.578796,0.005074908
533.694397,0.0010654
533.809998,-0.001300955
533.925659,0.00106558
534.04126,0.001836799
534.15686,0.0014776674
534.272522,0.002856785
534.388123,0.003279246
534.503784,0.00204106
534.619446,0.002271627
534.735046,0.003355325
534.850708,0.00265629
534.96637,0.002396301
535.082031,0.00174224
535.197693,0.004242848
535.313354,-5.89500000000055e-06
535.429016,0.001531262
535.544678,0.00199842
535.660339,0.002016822
535.776001,0.00111242
535.891663,0.002340302
536.007385,0.0022701
536.123047,0.000572161000000001
536.238708,-0.001326836
536.354431,-0.000266538
536.470093,0.002580225
536.585815,0.001635664
536.701477,0.00267802
536.8172,0.000104
536.932861,0.0039326557
537.048584,0.001081656
537.164307,0.00307070775
537.280029,-0.000801200000000002
537.395691,0.000503257
537.511414,0.004540677
537.627136,0.00015507
537.742859,0.001760873
537.858582,0.00197529
537.974304,0.002169514
538.090088,0.00474868
538.205811,0.00573328
538.321533,0.003692162
538.437256,0.005464501
538.55304,0.00324172
538.668762,0.0016086
538.784485,0.001610012
538.900269,0.005042884
539.015991,0.001460677
539.131775,0.00293465
539.247559,0.0037296138
539.363281,0.0030205101
539.479065,0.00104096
539.594849,0.001481941
539.710632,0.0037049919
539.826416,0.004171309
539.942139,0.004646491
540.057922,0.00570011
540.173706,0.004847931
540.289551,0.00622586
540.405334,0.005665405
540.521118,0.005278485
540.636902,0.003454155
540.752686,0.002547924
540.86853,0.00101577
540.984314,0.004704669
541.100098,0.004728827
541.215942,0.00708472
541.331726,0.005583185
541.447571,0.008008169
541.563416,0.00640344
541.679199,0.005152399
541.795044,0.005181749
541.910889,0.00371087
542.026672,0.004772615
542.142517,0.00539399
542.258362,0.006015718
542.374207,0.006542817
542.490051,0.00612398
542.605896,0.0038311924
542.721741,0.00556387
542.837585,0.004291139
542.953491,0.00516019
543.069336,0.007860512
543.185181,0.005227525
543.301025,0.00696248
543.416931,0.008632417
543.532776,0.00675875
543.648682,0.00686045
543.764526,0.0047915512
543.880432,0.0039906
543.996338,0.00340972
544.112183,0.006459755
544.228088,0.004420816
544.343994,0.004721426
544.4599,0.004372677
544.575745,0.0047675405
544.69165,0.006811827
544.807556,0.00485862
544.923462,0.003182399
545.039368,0.002272008
545.155273,0.005758093
545.27124,0.00378186
545.387146,0.00389772
545.503052,0.006009692
545.618958,0.00766972
545.734924,0.01617621
545.85083,0.016161408
545.966797,0.010766366
546.082703,0.00800878
546.198669,0.00625159
546.314575,0.005945715
546.430542,0.003261184
546.546509,0.004072018
546.662415,0.003991855
546.778381,0.003414491
546.894348,0.005056007
547.010315,0.002344119
547.126282,0.00507552
547.242249,0.001480644
547.358215,0.00156825
547.474182,0.003980106
547.590149,0.002630652
547.706116,0.0023849672
547.822083,0.00218585
547.93811,0.0020327436
548.054077,0.002780284
548.170044,0.001531643
548.286072,0.00233048
548.402039,0.003310701
548.518066,0.002396034
548.634033,0.00398205
548.750061,0.00025322
548.866028,0.004704246
548.982056,0.004574881
549.098083,0.0038799016
549.214111,0.003705641
549.330078,0.003159875
549.446106,0.002978899
549.562134,0.000979353
549.678162,0.002425157
549.794189,0.004558
549.910217,0.004794109
550.026245,0.000985234999999999
550.142334,0.0022576601
550.258362,0.00111395
550.37439,0.005502678
550.490417,0.004393289
550.606506,0.002849301
550.722534,0.002270978
550.838623,0.003987509
550.954651,0.00496401
551.07074,0.00331658
551.186768,0.000269447999999999
551.302856,0.004470818
551.418884,0.00096652
551.534973,0.00023302
551.651062,0.002088207
551.767151,0.003487024
551.88324,0.003920326
551.999329,0.002072854
552.115417,0.001327532
552.231506,0.002931642
552.347595,0.00334448
552.463684,0.004774218
552.579773,0.004471928
552.695862,0.00187573
552.811951,0.00217604
552.928101,0.0021584096
553.044189,0.004698714
553.160278,0.00221559
553.276428,0.00289346
553.392517,0.003159077
553.508667,0.002295295
553.624817,0.002119851
553.740906,0.000571513
553.857056,0.0023338538
553.973206,0.002629576
554.089294,0.00070924
554.205444,0.000854717
554.321594,0.002908242
554.437744,0.003689258
554.553894,0.001028521
554.670044,-0.00063911
554.786194,0.002829486
554.902344,0.003687468
555.018494,0.00139085
555.134644,0.00194891
555.250854,0.0006909589
555.367004,0.00295939
555.483154,0.00126931
555.599365,0.004010109
555.715515,0.001663338
555.831726,0.001553975
555.947876,0.003328452
556.064087,0.00122977
556.180237,0.000348390000000001
556.296448,0.002883281
556.412659,0.003838366
556.528809,0.001202439
556.64502,0.00637829
556.76123,0.002699815
556.877441,0.001685328
556.993652,0.004398784
557.109863,0.0015527931
557.226074,0.000845902
557.342285,0.00260045
557.458496,0.00267741
557.574707,0.00065053
557.690918,0.003333603
557.80719,0.001235532
557.923401,0.0031912229
558.039612,0.00268886
558.155884,0.001148959
558.272095,0.0012211069
558.388367,-0.001698759
558.504578,0.003462974
558.62085,0.002718484
558.737061,0.002136764
558.853333,0.002030568
558.969604,0.001620667
559.085876,0.0034766026
559.202087,0.00303891
559.318359,0.001028482
559.434631,0.00317575
559.550903,0.0036502
559.667175,0.00170093
559.783447,0.002857848
559.899719,0.00191677
560.015991,0.003157473
560.132324,0.002710776
560.248596,0.000647706
560.364868,0.002019226
560.481201,0.005159344
560.597473,0.00169532
560.713745,0.0033750998
560.830078,0.00013415
560.94635,0.00188046
561.062683,0.003103382
561.178955,0.000438890000000001
561.295288,0.003539889
561.411621,0.00207824
561.527954,0.00148446
561.644226,0.000257499999999999
561.760559,0.00266748
561.876892,0.00463343
561.993225,0.003431479
562.109558,-0.000379000000000001
562.225891,0.0027121
562.342224,0.00243341
562.458557,0.001536413
562.57489,0.002470319
562.691223,0.004820943
562.807617,0.002945347
562.92395,0.000517423
563.040283,-0.001070428
563.156677,0.000182265
563.27301,0.00098172
563.389404,0.0026356894
563.505737,0.00268412
563.622131,0.003809738
563.738464,-0.000945601
563.854858,0.002948591
563.971252,0.0021331006
564.087585,0.000726455999999999
564.203979,0.003656854
564.320374,0.00120553
564.436768,0.000762153
564.553162,0.000720809
564.669556,-0.00111658
564.78595,0.002751578
564.902344,0.002522158
565.018738,0.002521967
565.135132,0.000655338
565.251526,0.00250639
565.367981,0.003812561
565.484375,-0.001199414
565.600769,-0.000540966
565.717224,0.001480225
565.833618,-0.000888838999999999
565.950073,0.00368216
566.066467,0.000937100000000001
566.182922,0.00243691
566.299316,0.002441995
566.415771,0.003148581
566.532227,0.00044764
566.648621,0.000298382999999999
566.765076,0.000968821
566.881531,-0.000458705
566.997986,0.000783417
567.114441,0.002292815
567.230896,0.000195888
567.347351,0.0021809327
567.463806,0.000777036
567.580261,0.004518306
567.696716,0.002273425
567.813171,0.00065137
567.929688,-0.00100787
568.046143,0.00179756
568.162598,0.000340109
568.279114,0.00419532
568.395569,0.003927047
568.512024,0.00241485
568.62854,0.000877736
568.744995,0.00317716
568.861511,0.0017522
568.978027,0.003358721
569.094482,0.001238009
569.210999,0.00250963
569.327515,0.00082834
569.444031,0.00126832
569.560547,-0.000513635
569.677063,0.001681969
569.793579,0.001156133
569.910095,0.001812749
570.026611,-0.00184565
570.143127,0.003423276
570.259644,0.001317115
570.37616,0.002039612
570.492676,2.92199999999999e-05
570.609192,0.0016312
570.725769,0.00154294
570.842285,0.001510837
570.958862,0.0022854871
571.075378,0.002421648
571.191956,0.00316205
571.308472,0.001170871
571.425049,0.00166968
571.541565,0.00352084
571.658142,-0.00050684
571.774719,0.004627706
571.891235,0.00093618
572.007813,0.000275707
572.12439,0.000518329999999997
572.240967,0.005231838
572.357544,0.00096278
572.474121,0.000268991
572.590698,0.003303104
572.707275,0.0014987787
572.823853,0.004004384
572.94043,0.001149035
573.057007,0.00044203
573.173645,-4.52200000000003e-05
573.290222,0.00304169
573.406799,-0.000367049
573.523438,-0.000153512999999999
573.640015,0.001663034
573.756653,0.000657899999999999
573.87323,-0.00054089
573.989868,-5.228e-05
574.106445,0.003891807
574.223083,0.000777723
574.339722,0.001434263
574.456299,0.003503055
574.572937,0.003281459
574.689575,0.006568886
574.806213,0.00174568
574.922852,0.002092442
575.03949,0.000988406
575.156128,0.002805515
575.272766,0.001034055
575.389404,0.001762933
575.506042,0.0027411976
575.622681,0.004670579
575.739319,-6.2809e-05
575.856018,0.001733198
575.972656,0.0029911949
576.089294,-0.00058018
576.205994,0.003801991
576.322632,0.003553902
576.439331,0.001357878
576.555969,0.00505704
576.672668,0.00347022
576.789307,0.004965546
576.906006,0.0035258838
577.022705,0.004794528
577.139343,0.005152706
577.256042,0.002596634
577.372742,0.00230602
577.489441,0.000802497
577.60614,0.000703743
577.722839,-0.0004959205
577.839539,0.001082954
577.956238,0.001029169
578.072937,0.004775746
578.189636,0.00112223
578.306335,0.000723556
578.423096,0.0019568934
578.539795,0.00556764
578.656494,0.00195284
578.773254,0.00522126
578.889954,0.00134558
579.006653,0.000740579999999999
579.123413,0.000586969999999999
579.240112,0.004898701
579.356873,0.000559789999999999
579.473633,0.002906519
579.590332,0.003357767
579.707092,0.001381317
579.823853,0.0015516098
579.940613,0.0032977623
580.057312,0.001478889
580.174072,0.003554475
580.290833,0.00706483
580.407593,0.004045035
580.524353,0.0046158017
580.641113,0.002196845
580.757874,0.00267117
580.874634,0.0010464645
580.991455,0.006015876
581.108215,0.004916263
581.224976,0.004359165
581.341736,0.002695694
581.458557,0.0007934533
581.575317,0.005231493
581.692139,0.0035025219
581.808899,0.003207173
581.92572,0.002877359
582.04248,0.00192334
582.159302,0.002855751
582.276062,0.000204999999999999
582.392883,0.004719822
582.509705,0.00291755
582.626526,0.004596218
582.743286,0.0052983375
582.860107,0.00488492
582.976929,0.001642378
583.09375,0.003782406
583.210571,0.00373507
583.327393,0.00231362
583.444214,0.001559929
583.561035,0.004879349
583.677917,0.000496082
583.794739,0.002853881
583.91156,0.00372407
584.028381,0.005230843
584.145264,0.0014059
584.262085,0.00377088
584.378967,0.003552567
584.495789,-0.00183932
584.612671,0.003203014
584.729492,0.00408947
584.846375,0.00352068
584.963196,0.003864133
585.080078,0.00134497
585.19696,0.001457854
585.313843,0.004399434
585.430664,0.00149774
585.547546,0.001428004
585.664429,0.003486561
585.781311,-0.0017105883
585.898193,0.004421426
586.015076,0.00316006
586.131958,0.004548763
586.24884,0.003408804
586.365723,0.000883689
586.482666,0.004502308
586.599548,0.0021815817
586.716431,0.00134081
586.833313,0.001868485
586.950256,0.00453083
587.067139,0.00422777
587.184082,0.005185343
587.300964,0.00194471
587.417908,0.00218375
587.53479,0.003614401
587.651733,0.00499371
587.768616,0.003178888
587.885559,0.000664489999999998
588.002502,0.00440512
588.119446,6.85300000000007e-05
588.236389,0.0019578
588.353271,0.004055155
588.470215,0.002420808
588.587158,0.002319458
588.704102,0.005175801
588.821045,0.003175034
588.937988,0.004800515
589.054993,0.005633151
589.171936,0.002267926
589.288879,0.00258278
589.405823,0.003049825
589.522766,0.002299227
589.639771,0.00377053
589.756714,0.00152808
589.873718,0.00215584
589.990662,-1.88699999999903e-06
590.107666,0.004094129
590.224609,0.001252751
590.341614,0.001997279
590.458557,0.00245589
590.575562,0.002368702
590.692566,0.002901483
590.809509,0.00212496
590.926514,0.0040330137
591.043518,0.006070769
591.160522,0.002574378
591.277527,-0.000637354999999999
591.394531,0.001857795
591.511536,0.0061334891
591.62854,0.00512545
591.745544,0.004895305
591.862549,0.00195693
591.979553,0.002242082
592.096558,0.000644463
592.213623,0.002621332
592.330627,0.000776082
592.447632,0.00268642
592.564697,0.0015821
592.681702,0.00420066
592.798767,0.00340109
592.915771,0.003631852
593.032837,0.006780255
593.149841,0.0026603
593.266907,0.000764190000000001
593.383972,0.00226902
593.500977,0.005181828
593.618042,0.001914633
593.735107,-0.000677520000000001
593.852173,0.004652484
593.969238,0.00139555
594.086243,0.00131626
594.203308,0.003710831
594.320374,0.002501657
594.437439,-0.001040882
594.554565,0.00311655
594.671631,0.00141726
594.788696,-5.70400000000047e-06
594.905762,0.002696305
595.022827,0.002096068
595.139954,0.00392723
595.257019,0.00443207
595.374084,-0.002463364
595.491211,0.002043161
595.608276,-6.35400000000008e-05
595.725403,0.005731067
595.842468,0.00136735
595.959595,0.003580699
596.07666,0.0026919164
596.193787,0.000740579999999999
596.310913,0.00078959
596.42804,0.00259984
596.545105,0.002673515
596.662231,0.00268988
596.779358,0.00188123414
596.896484,0.002348279
597.013611,0.002806086
597.130737,0.00327844
597.247864,0.003383381
597.36499,0.00176816
597.482117,0.00323939
597.599243,0.000777799
597.71637,0.002796968
597.833557,0.00236049
597.950684,0.0020581668
598.06781,0.00133978
598.184998,0.005131287
598.302124,0.00050738
598.41925,0.0041692
598.536438,0.0006672912
598.653564,0.00210302
598.770752,0.001533818
598.887939,0.0015514946
599.005066,0.004265677
599.122253,0.001370899
599.239441,0.00382665
599.356567,0.003687124
599.473755,0.00215039
599.590942,0.001862069
599.70813,0.000664960000000003
599.825317,0.004771929
599.942505,0.00525274
600.059692,-0.002942322
600.17688,0.00295443
600.294067,0.003864971
600.411255,0.001968342
600.528442,0.00303299
600.645691,0.00235209
600.762878,0.0048682411
600.880066,0.004287743
600.997253,0.00179839
601.114502,0.00310403
601.231689,-0.001572405
601.348938,0.000728518
601.466125,0.00257044
601.583374,0.004846138
601.700562,0.001591227
601.81781,0.00377282
601.935059,0.00278234
602.052246,0.00015824
602.169495,0.00144327
602.286743,0.002797845
602.403992,0.000808590000000001
602.521179,0.000472186
602.638428,0.00417765
602.755676,0.001657424
602.872925,0.004870874
602.990173,0.004239987
603.107422,0.00395189
603.22467,0.00088453
603.34198,0.004864349
603.459229,0.00088853
603.576477,0.003765651
603.693726,0.002143251
603.810974,0.005758741
603.928284,0.001969941
604.045532,0.003022342
604.162842,0.004686233
604.28009,0.003154496
604.3974,0.00473726
604.514648,0.003430755
604.631958,0.002749898
604.749207,0.00242844
604.866516,0.004279
604.983826,0.00228437
605.101074,0.002826778
605.218384,0.0055246665
605.335693,-0.0002212
605.453003,0.003868327
605.570313,0.003963383
605.687622,0.0009926
605.804932,0.001007752
605.922241,-0.001574008
606.039551,0.002271857
606.15686,0.002094962
606.27417,0.003615514
606.391479,0.004068927
606.508789,0.0022825106
606.62616,0.00251559
606.743469,0.005431827
606.860779,0.00322255
606.978149,0.003352043
607.095459,0.001610661
607.21283,0.00356917
607.330139,0.001710674
607.44751,0.00381087
607.564819,0.001510494
607.68219,0.00258205
607.7995,0.00446124
607.91687,0.003184456
608.034241,0.000959805999999999
608.151611,0.000562229999999999
608.268921,0.0037539306
608.386292,0.005629641
608.503662,0.003180834
608.621033,0.000512500000000001
608.738403,0.00231228
608.855774,0.00336521
608.973145,0.004654738
609.090515,0.00423159
609.207886,0.004492159
609.325256,0.00508609
609.442688,0.00187963
609.560059,0.00496943
609.677429,0.00248127
609.794861,0.00208389
609.912231,0.00280918
610.029602,0.00539892
610.147034,0.00504559
610.264404,0.00649562
610.381836,0.00753061
610.499207,0.0073898
610.616638,0.00837457
610.734009,0.01707263
610.85144,0.0109928
610.968872,0.01722658
611.086304,0.01575588
611.203674,0.01842158
611.321106,0.01533086
611.438538,0.01335365
611.555969,0.0095952
611.673401,0.01228926
611.790833,0.00890106
611.908264,0.00407954
612.025696,0.00774751
612.143127,0.00410152
612.260559,0.00732009
612.377991,0.0061027
612.495483,0.00802973
612.612915,0.00743533
612.730347,0.00673326
612.847839,0.00658645
612.965271,0.005132055
613.082703,0.00311815
613.200195,0.00287121
613.317627,0.0045031
613.43512,0.002731308
613.552551,0.00493752
613.670044,0.00564376
613.787537,0.00364758
613.904968,0.002908281
614.022461,0.00333551
614.139954,0.00342254
614.257446,0.00389153
614.374878,0.000232649999999999
614.492371,0.00112142
614.609863,0.00494358
614.727356,0.003943726
614.844849,0.004877744
614.962341,0.00579634
615.079834,0.0026637
615.197327,0.00483514
615.31488,0.00186206
615.432373,0.004397711
615.549866,0.00150915
615.667358,0.004213228
615.784912,0.00319316
615.902405,0.00208064
616.019897,0.00557093
616.137451,0.00289918
616.254944,0.003080057
616.372498,0.00503692
616.48999,0.0003327
616.607544,0.003640931
616.725037,0.00101169
616.84259,0.00249165
616.960144,0.00425361
617.077637,0.003359982
617.19519,0.003867264
617.312744,0.00178564
617.430298,0.000625221
617.547852,0.00135375
617.665405,0.00192188
617.782959,0.00330481
617.900513,0.002094388
618.018066,0.001943796
618.13562,0.004089316
618.253174,0.00358463
618.370728,0.002326447
618.488281,0.00317449
618.605835,0.00041065
618.72345,0.00431324
618.841003,0.00268675
618.958557,0.001080779
619.076172,0.00456881
619.193726,0.002972373
619.311279,0.0052719604
619.428894,-0.000503979999999999
619.546448,0.005098157
619.664063,0.00100951
619.781677,0.00276982
619.899231,0.00215966
620.016846,0.003253976
620.13446,0.004676032
620.252014,0.00461103
620.369629,0.0024515
620.487244,0.001838096
620.604858,0.00144464
620.722473,8.7326e-05
620.840088,0.0024068
620.957703,0.00389963
621.075317,0.00511297
621.192932,0.00289473
621.310547,0.00160836
621.428162,0.00341075
621.545776,0.000707099999999999
621.663391,0.00070546
621.781067,0.002316253
621.898682,0.00319427
622.016296,0.000158709999999999
622.133911,0.001060967
622.251587,0.002314918
622.369202,0.00020185
622.486877,0.001109332
622.604492,0.00055044
622.722168,0.001306078
622.839783,0.001405481
622.957458,0.000395799999999998
623.075134,0.001866992
623.192749,0.002040719
623.310425,0.003762058
623.428101,-0.000535585
623.545776,0.00319183
623.663391,0.0039225
623.781067,0.00463023
623.898743,0.00461461
624.016418,0.00364762
624.134094,0.00306379
624.25177,0.003994188
624.369446,0.00505773
624.487122,0.002275787
624.604858,0.00177072
624.722534,0.00092305
624.84021,0.00303928
624.957886,0.005562531
625.075562,0.00104985
625.193298,0.0041815
625.310974,0.002679546
625.428711,0.001177817
625.546387,0.00273333
625.664063,0.000891089999999999
625.781799,0.00179694
625.899536,0.00278635
626.017212,0.00430388
626.134949,0.00415283
626.252625,0.00119476
626.370361,0.003866349
626.488098,0.00248826
626.605835,0.0026867263
626.723511,0.004525137
626.841248,0.0010655
626.958984,0.00262637
627.076721,0.003155678
627.194458,0.001209079
627.312195,0.00142293
627.429932,0.001308787
627.547668,0.000679197000000001
627.665405,0.00267572
627.783142,0.00119373
627.900879,0.000502074999999999
628.018677,0.00175316
628.136414,0.00296745
628.25415,0.000874531
628.371887,0.00337788
628.489685,0.003350287
628.607422,0.0011447611
628.72522,0.002574187
628.842957,0.00368915
628.960754,0.00174651
629.078491,0.000308300000000001
629.196289,0.000290209999999999
629.314026,0.002831514
629.431824,0.003005849
629.549622,0.001207781
629.667358,-0.000943617
629.785156,0.00071153
629.902954,0.001532293
630.020752,0.001715979
630.13855,0.001100517
630.256348,0.002156
630.374146,0.00109124
630.491943,0.00354999
630.609741,0.0024279
630.727539,0.00370186
630.845337,0.00250471
630.963135,0.00436358
631.080933,-0.000236002
631.19873,0.00471657
631.316528,0.00136898
631.434387,0.00266546
631.552185,0.00020272
631.669983,0.00158114
631.787842,0.0017033
631.90564,0.00391563
632.023499,0.000741260000000001
632.141296,0.002117751
632.259155,0.00354515
632.376953,0.000875320000000002
632.494812,0.002365115
632.61261,0.00354192
632.730469,0.00367112
632.848328,0.001793431
632.966125,0.00296259
633.083984,0.004399089
633.201843,0.00382374
633.319702,0.00051841
633.437561,0.00334128
633.55542,0.002751158
633.673279,0.004084929
633.791138,-0.00150565
633.908997,0.00397945
634.026855,0.000928964999999999
634.144714,0.00433763
634.262573,0.003431212
634.380432,0.000452907000000001
634.498291,-0.001139945
634.616211,0.00416551
634.73407,0.001109867
634.851929,0.000352091000000001
634.969788,0.00388791
635.087708,0.00286487
635.205566,0.002493071
635.323486,0.003235805
635.441345,0.002271207
635.559265,0.003428809
635.677124,0.00724214
635.795044,0.04459292
635.912964,0.42349442
636.030823,0.98444173
636.148743,1.002813461
636.266663,0.85733961
636.384521,0.61783592
636.502441,0.374940743
636.620361,0.217819886
636.738281,0.1261738642
636.856201,0.07767205
636.974121,0.045198198
637.092041,0.037575256
637.209961,0.031881052
637.327881,0.022495893
637.445801,0.021374674
637.563721,0.017837852
637.681641,0.01319081
637.799622,0.011723597
637.917542,0.010330165
638.035461,0.008370393
638.153381,0.00635336
638.271362,0.006950239
638.389282,0.004119852
638.507263,0.004119508
638.625183,0.00765014
638.743103,0.002497918
638.861084,0.002293693
638.979065,0.00255747
639.096985,0.006092406
639.214966,0.003767364
639.332886,0.000744972
639.450867,0.0026311
639.568848,0.003964681
639.686829,0.00113903
639.804749,0.00035377
639.922729,0.001765299
640.04071,0.00387341
640.158691,0.003763928
640.276672,-0.000156690000000001
640.394653,0.00164356
640.512634,0.002441728
640.630615,0.00152229
640.748596,0.002930342
640.866577,0.002072854
640.984558,0.002957828
641.1026,0.004069006
641.220581,0.003459116
641.338562,0.00392478
641.456543,0.002623775
641.574585,0.002418175
641.692566,0.002214484
641.810547,0.003428733
641.928589,0.00367773
642.04657,0.005157591
642.164612,0.000629952999999999
642.282593,0.004132036
642.400635,0.001167513
642.518677,0.0015785214
642.636658,7.14050000000001e-05
642.7547,0.0026122879
642.872742,0.00035366
642.990723,0.00438622
643.108765,0.00126515
643.226807,0.0030410868
643.344849,0.003915433
643.462891,0.000970156735
643.580933,0.00088914
643.698975,0.00323607
643.817017,0.0047165032
643.935059,0.0032434814
644.053101,0.00235569
644.171143,0.000868869999999997
644.289185,-0.000702319999999999
644.407227,0.00384584
644.525269,0.004085196
644.643311,0.00188341
644.761414,-7.37299999999993e-05
644.879456,0.003155639
644.997498,0.00210245
645.115601,0.00182118
645.233643,0.002374576
645.351746,0.002895188
645.469788,0.003738539
645.58783,0.000345528
645.705933,0.001758697
645.824036,0.002703665
645.942078,0.001916007
646.060181,0.0019475
646.178284,0.001456022
646.296326,0.003287527
646.414429,0.00187203
646.532532,-0.000308379000000001
646.650635,-0.000990723000000001
646.768677,0.003159993
646.88678,-0.000690605
647.004883,0.0010463119
647.122986,0.001357039
647.241089,0.002696915
647.359192,0.00307295
647.477295,0.001766024
647.595398,0.002397331
647.713501,0.003003062
647.831665,0.001757896
647.949768,0.001256071
648.067871,0.004629733
648.185974,0.00194815
648.304138,0.001869243
648.422241,0.001648113
648.540344,-2.86849999999988e-05
648.658508,0.0031206003
648.776611,0.002166385
648.894775,0.002417412
649.012878,-0.000295790000000001
649.131042,0.003994002
649.249146,0.00197791
649.36731,0.00138727
649.485413,0.001641729
649.603577,0.0049178668
649.721741,-0.000427820000000001
649.839844,0.001740754
649.958008,0.002896561
650.076172,-0.001776745
650.194336,0.0006407611
650.3125,0.001157736
650.430664,0.002926449
650.548767,0.002802233
650.666931,0.002376102
650.785095,0.0019577331
650.903259,0.000860449999999999
651.021484,0.004036753
651.139648,0.000764309999999999
651.257813,0.002802577
651.375977,0.00344724
651.494141,0.000721070000000001
651.612305,0.001438537
651.73053,0.00229167
651.848694,0.000221121
651.966858,0.001135903
652.085083,-0.000225155
652.203247,0.001738998
652.321472,0.00187989
652.439636,0.000579487
652.5578,0.003357003
652.676025,0.000903999000000001
652.79425,0.001918068
652.912415,-0.000120219999999999
653.03064,-0.00148445
653.148804,0.0014267
653.267029,0.00064357
653.385254,0.00208794
653.503479,-0.00052482
653.621704,0.00050299
653.739868,0.00080857
653.858093,0.00142781
653.976318,0.001789769
654.094543,0.00191364
654.212769,-0.00115857
654.330994,0.003084673
654.449219,0.000748178
654.567444,-0.001195407
654.685669,0.000952390000000001
654.803894,0.00249059
654.92218,0.00225113
655.040405,0.001513432
655.15863,0.0022834648
655.276855,0.0033691
655.395142,0.001541069
655.513367,0.00293992
655.631592,0.002208646
655.749878,0.002895722
655.868103,0.0011478
655.986389,0.0004831
656.104614,0.026689474
656.2229,0.04211472
656.341125,0.037905871
656.459412,0.02963605
656.577637,0.019946201
656.695923,0.010911121
656.814209,0.00768225
656.932434,0.004646072
657.05072,0.00676696
657.169006,0.00314205
657.287292,0.000480050000000001
657.405579,0.004345151
657.523865,0.00141724
657.64209,0.001378226
657.760376,0.00450497
657.878662,0.001357878
657.996948,4.38399999999999e-05
658.115234,0.00215413
658.233582,0.003816074
658.351868,0.00347789
658.470154,0.00331074
658.58844,0.001632077
658.706726,0.00313792
658.825012,0.00478925
658.943359,0.001581116
659.061646,-0.000716716
659.179932,0.000697239999999998
659.298279,0.00160355
659.416565,0.00284323
659.534912,0.001740334
659.653198,0.002663364
659.771545,0.001128
659.889832,0.006611685
660.008179,0.00160276135
660.126465,0.02134478
660.244812,0.072954623
660.363159,0.09918433
660.481445,0.07856545
660.599792,0.06046926
660.71814,0.04095258
660.836487,0.02522411
660.954834,0.01529682
661.07312,0.0123329569
661.191467,0.008118219
661.309814,0.00442993
661.428162,0.00357482
661.546509,0.0062041
661.664856,0.003938532
661.783203,0.00414718
661.90155,0.002294493
662.019897,0.001661698
662.138306,0.00394475
662.256653,0.000135570000000002
662.375,0.00230942
662.493347,0.000465928
662.611755,0.00304539975
662.730103,0.00103027
662.84845,0.002133826
662.966858,-0.000398615
663.085205,0.005179849
663.203552,0.00111349
663.32196,0.000877164
663.440308,0.0004146235
663.558716,0.000308950000000001
663.677124,0.000975118
663.795471,0.001713765
663.913879,0.00147098
664.032227,-0.000507835999999999
664.150635,0.0045362
664.269043,0.0015787497
664.387451,0.002907129
664.505798,5.083e-05
664.624207,0.002090878
664.742615,0.000788599999999999
664.861023,0.002578228
664.979431,0.001768732
665.097839,0.00178725
665.216248,-0.00015283
665.334656,0.002676148
665.453064,0.001083679
665.571472,-0.00010247
665.68988,0.00365674
665.808289,0.00423978
665.926697,-0.001447044
666.045166,0.000404340000000001
666.163574,0.00320496
666.281982,0.001706668
666.400391,0.000471918
666.51886,-0.000818142
666.637268,0.00141799
666.755676,0.002188335
666.874146,0.005403312
666.992554,0.00120353
667.111023,0.002778187
667.229431,0.00076741
667.3479,0.00134238
667.46637,0.002827466
667.584778,-0.000702360000000001
667.703247,0.005093005
667.821655,0.00350752
667.940125,0.003943834
668.058594,0.00253227
668.177063,0.00166754
668.295471,0.002828955
668.41394,0.002546399
668.53241,0.024157147
668.650879,0.080047452
668.769348,0.130667187
668.887817,0.11971021
669.006287,0.09510926
669.124756,0.067920811
669.243225,0.04457574
669.361694,0.031017009
669.480164,0.018643194
669.598633,0.014411131
669.717102,0.009931708
669.835632,0.00673218
669.954102,0.007407935
670.072571,0.00484755
670.19104,0.003186327
670.30957,0.001795153
670.42804,0.00374679
670.54657,0.00209575
670.665039,0.00460786
670.783508,0.00221081
670.902039,0.00503635
671.020508,0.00481999
671.139038,0.001009472
671.257568,0.000927897
671.376038,0.0021155
671.494568,-6.62435e-05
671.613037,0.001342
671.731567,-2.68100000000004e-05
671.850098,3.09849999999999e-05
671.968628,0.00125686
672.087097,0.00133986
672.205627,0.00043955
672.324158,0.003178468
672.442688,0.0026645087
672.561218,0.003460533
672.679749,0.000828875000000001
672.798279,0.002854147
672.916809,0.00167806
673.035339,0.0024383707
673.15387,0.00127764
673.2724,-0.00106184
673.39093,0.001606273
673.50946,0.00073581
673.628052,0.000807651
673.746582,0.003490302
673.865112,0.003056311
673.983643,0.000504590000000001
674.102234,0.001431324
674.220764,0.00150007
674.339294,-0.000465002
674.457886,-0.000143630000000002
674.576416,0.002467648
674.695007,0.003251953
674.813538,0.002806047
674.932129,0.003178622
675.050659,0.002519906
675.16925,0.000354150000000001
675.287781,0.0013949
675.406372,-0.002161719
675.524963,0.001485758
675.643494,-0.000918575
675.762085,0.00078368
675.880676,0.003609786
675.999268,0.0010686063
676.117859,0.003434915
676.236389,0.00286815
676.35498,0.00242863
676.473572,0.00306501
676.592163,0.001077612
676.710754,0.001918564
676.829346,0.003309972
676.947937,0.00256094
677.066528,-0.000488479
677.18512,0.000275136
677.303711,0.00025036
677.422363,0.0027666592
677.540955,0.00311865
677.659546,0.001864855
677.778137,-0.000705880000000001
677.89679,0.00142322
678.015381,0.00488655
678.133972,0.00252292
678.252625,0.00330489
678.371216,-0.000696902
678.489807,0.0024239
678.608459,0.003684415
678.727051,0.000218831
678.845703,0.0031960311
678.964294,0.00178018
679.082947,0.000138279999999998
679.201599,0.000230660000000001
679.32019,0.001746066
679.438843,-0.000240314
679.557495,0.00255086
679.676086,-0.001505714
679.794739,0.001109523
679.913391,0.002494941
680.032043,0.001608256
680.150696,0.00402902
680.269287,0.0014254852
680.387939,0.00158703
680.506592,0.000854336
680.625244,-6.2969999999999e-05
680.743896,-0.001012636
680.862549,0.002162684
680.981201,-0.001067756
681.099854,0.001179954
681.218506,0.000598501
681.337219,0.00243795035
681.455872,-0.000334690000000002
681.574524,0.003309746
681.693176,0.001768958
681.811829,0.002821054
681.930542,0.00180687
682.049194,0.002215629
682.167847,0.00480728
682.28656,0.001303254
682.405212,0.004340688
682.523926,0.001946965
682.642578,-0.000209815
682.761292,0.001326692
682.879944,0.002933552
682.998657,0.004671036
683.11731,0.001666546
683.236023,0.005477827
683.354675,0.000491808
683.473389,-0.00136615
683.592102,-0.00050501
683.710815,0.001786829
683.829468,0.00336437
683.948181,0.004844497
684.066895,-0.000360904
684.185608,0.002927022
684.304321,-0.0004702301
684.423035,0.002272581
684.541687,0.00134181
684.6604,-0.001955587
684.779114,0.001002564
684.897827,0.001835044
685.016541,-0.000432861999999999
685.135315,0.00390566
685.254028,0.0031715992
685.372742,0.001487055
685.491455,0.000367659999999999
685.610168,0.001284929
685.728882,0.0019507
685.847656,0.003527868
685.96637,0.002598846
686.085083,9.41569999999992e-05
686.203796,0.00240771
686.322571,0.001102005
686.441284,0.001377807
686.560059,0.00115116
686.678772,0.00144747
686.797546,0.002705919
686.91626,0.00271214
687.035034,0.001639099
687.153748,-0.00100894
687.272522,0.0007942162
687.391235,0.0017037296
687.51001,0.001026193
687.628784,0.001338983
687.747498,-0.0020966
687.866272,0.001082
687.985046,0.00316514
688.103821,0.00037996
688.222595,-0.000348650000000001
688.341309,-0.000138559999999999
688.460083,0.001640511
688.578857,0.000307729999999999
688.697632,0.002735741
688.816406,-0.00159314
688.935181,-0.000434961
689.053955,-0.000186415000000001
689.172729,0.00115327
689.291504,0.00150015
689.410278,0.000218831
689.529053,0.002097368
689.647888,0.00315377
689.766663,0.001003517
689.885437,0.002249444
690.004211,0.002115424
690.123047,-0.000999119
690.241821,0.00212744
690.360596,0.002446842
690.479431,0.0007352
690.598206,0.002016325
690.71698,0.0011716728
690.835815,0.00048165
690.95459,0.00233129
691.073425,0.002022697
691.1922,7.068e-05
691.311035,0.00193306
691.42981,0.000900183000000001
691.548645,0.00274386
691.66748,-0.00078486
691.786255,0.002111836
691.90509,0.00267485
692.023926,0.002295332
692.142761,0.002573462
692.261536,0.001084481
692.380371,-0.000458019
692.499207,0.000523567
692.618042,0.003971133
692.736877,0.005226647
692.855713,0.003512403
692.974548,0.00329668
693.093384,0.001506258
693.212219,0.006273425
693.331055,0.004870378
693.44989,0.00078921
693.568726,0.00315346
693.687561,0.00287639
693.806396,0.00446272814
693.925232,0.00435767
694.044067,0.001282906
694.162964,-0.000215272
694.281799,0.00285919
694.400635,0.001790073
694.51947,0.0015259574
694.638367,0.0025501
694.757202,0.000323386
694.876099,0.00231155
694.994934,0.00174476
695.11377,0.000605142000000001
695.232666,0.001983614
695.351501,0.0020606
695.470398,0.001153996
695.589294,0.000242156
695.70813,0.000882393
695.827026,0.001938758
695.945862,-0.00019077
696.064758,-0.000579640000000001
696.183655,0.001282791
696.30249,0.000806809
696.421387,0.001353451
696.540283,0.0016772759
696.65918,0.000979467
696.778076,-0.000172719999999999
696.896912,0.004446391
697.015808,0.001312298
697.134705,0.003636773
697.253601,0.0003366362
697.372498,0.002745587
697.491394,0.002401038
697.610291,0.000580559999999999
697.729187,0.001935973
697.848083,0.002426338
697.96698,0.003181139
698.085938,0.001813474
698.204834,0.00116468
698.32373,0.00038797875
698.442627,0.00239714
698.561523,0.002883587
698.680481,0.001336996
698.799377,0.000363624
698.918274,0.00228616
699.037231,0.00267008
699.156128,0.001453161
699.275024,0.000850024
699.393982,0.002249375
699.512878,0.002749555
699.631836,0.000599264
699.750732,0.001389288
699.86969,0.000982444000000001
699.988586,0.002093473
700.107544,0.002704206
700.226501,-0.000252799999999999
700.345398,0.000708279999999999
700.464355,0.001591729
700.583313,0.0014016655
700.702209,-0.001325805
700.821167,0.000448442
700.940125,0.00097569
701.059082,0.00127489
701.17804,0.002298764
701.296936,-0.001169754
701.415894,0.00242035
701.534851,-0.001652033
701.653809,0.0001344713
701.772766,0.000685
701.891724,0.000363539999999999
702.010681,-0.000129079999999998
702.129639,0.00095158
702.248596,1.68950000000003e-05
702.367554,0.00255517
702.486572,-7.14799999999988e-05
702.60553,0.00172732
702.724487,-0.0004734347
702.843445,-0.000192190000000002
702.962402,0.00093767
703.081421,0.0014778199
703.200378,0.0015277892
703.319336,0.001612721
703.438354,-0.00105428
703.557312,0.00147732
703.67627,0.000294987
703.795288,0.005083
703.914246,0.000720962
704.033264,0.001406473
704.152222,0.003254548
704.27124,0.000932857
704.390198,0.000958624999999999
704.509216,0.0023797
704.628174,0.002441919
704.747192,0.00152243
704.866211,-0.000419269
704.985168,0.001988651
705.104187,0.00158291
705.223206,0.000173404
705.342224,0.00193914
705.461182,0.001201714
705.5802,0.004091111
705.699219,-2.25e-05
705.818237,0.000894029999999997
705.937256,0.001005998
706.056274,-0.000144389999999998
706.175293,-0.000845702
706.294312,-8.81549999999999e-05
706.41333,-0.000558260000000001
706.532349,-0.000635867
706.651367,-0.000272420000000001
706.770386,0.000773090000000001
706.889404,0.00317217
707.008423,0.006164448
707.127441,0.003056469
707.24646,0.001521645
707.36554,0.001530537
707.484558,0.0030365
707.603577,0.0006930579
707.722595,0.00230377
707.841675,0.000543647
707.960693,0.00233339
708.079712,0.00280395
708.198792,0.00325886
708.31781,0.000733439999999998
708.43689,0.0037043048
708.555908,-0.000209590000000003
708.674988,0.001463617
708.794006,0.002010602
708.913086,0.000459889999999999
709.032104,0.00134657
709.151184,-0.001194224
709.270203,0.00316598
709.389282,-0.000411255
709.508362,-0.00169544
709.62738,0.00422571
709.74646,-0.000581429999999999
709.86554,0.000212990000000003
709.984619,-3.3913e-05
710.103638,0.00211134
710.222717,0.00166157
710.341797,0.002931337
710.460876,-0.000223559999999999
710.579956,0.003026081
710.699036,0.001668259
710.818115,-0.000159579
710.937195,0.00104009
711.056274,-0.00065839
711.175354,0.003098803
711.294434,0.000569338
711.413513,-2.01000000000003e-05
711.532593,0.002424625
711.651672,0.00263289
711.770752,0.000299489
711.889832,0.001029627
712.008972,0.00170162
712.128052,0.00177133
712.247131,0.00285266
712.366211,-8.08300000000005e-05
712.485352,0.00216058
712.604431,0.0022836556
712.723511,0.00235568
712.842651,0.000185269999999998
712.961731,-0.001369745
713.080872,-0.000988391999999999
713.199951,0.001136966
713.319092,0.000269867999999999
713.438171,0.00274432
713.557312,0.004212732
713.676392,-0.000404
713.795532,0.001149722
713.914612,0.00207423
714.033752,0.001386583
714.152893,0.002973938
714.271973,0.001357534
714.391113,0.00228055
714.510254,0.002010526
714.629395,0.00126458
714.748474,0.001918144
714.867615,-0.00026009
714.986755,-0.0007531
715.105896,0.000104125
715.225037,0.00257205
715.344177,0.004216701
715.463318,0.0030904
715.582397,0.000975957
715.701538,0.001237399
715.820679,0.002370649
715.93988,0.00088979
716.059021,-0.00032224
716.178162,-0.000216999999999998
716.297302,0.000706411000000001
716.416443,0.001259887
716.535583,0.000526924999999999
716.654724,-0.000565436
716.773865,-0.001552974
716.893066,0.005155534
717.012207,0.002086833
717.131348,0.00121312
717.250488,0.001078681
717.36969,0.0025364004
717.488831,0.001941659
717.608032,0.003079562
717.727173,0.00294882
717.846313,0.00235286
717.965515,-0.00133894
718.084656,7.21680000000009e-05
718.203857,0.001408534
718.322998,0.001942575
718.4422,0.00237622
718.56134,0.003536073
718.680542,0.0012237023
718.799744,0.003040248
718.918884,0.00160741
719.038086,0.000249939999999999
719.157288,-0.00034786
719.276428,-0.001571299
719.39563,0.00296672
719.514832,0.001554434
719.634033,0.000830325
719.753235,0.0003358348
719.872375,-0.000302608
719.991577,0.002620111
720.110779,0.001843549
720.22998,0.000847869999999997
720.349182,0.000299641999999999
720.468384,0.003111125
720.587585,0.000733019999999999
720.706787,0.002551057
720.825989,0.001518478
720.94519,-2.38399999999989e-05
721.064392,0.000131940000000001
721.183594,-0.002899
721.302795,-0.0007996635
721.421997,0.0014517
721.54126,0.0012207262
721.660461,0.000519025
721.779663,0.000419584
721.898865,-2.22699999999996e-05
722.018127,-0.002029528
722.137329,0.002778492
722.256531,0.00197998
722.375793,0.001862946
722.494995,0.00275727
722.614197,0.000143439
722.733459,0.0018541322
722.852661,0.00169719
722.971924,0.00023616424
723.091125,-0.000682780000000001
723.210388,-0.00028036
723.32959,-0.00055498
723.448853,-0.00186989
723.568054,0.004377605
723.687317,0.003691394
723.80658,0.000602126000000001
723.925781,-0.00040363
724.045044,0.00177908
724.164307,-0.004791313
724.283508,0.002521432
724.402771,0.001174802
724.522034,0.00131558
724.641296,0.00348019
724.760498,0.00263659
724.879761,-0.000565016
724.999023,0.001387805
725.118286,0.001402619
725.237549,0.002375875
725.356812,0.00119446
725.476074,0.00151996
725.595337,0.000924004
725.7146,-0.0010368
725.833862,0.001212207
725.953125,0.001208391
726.072388,0.00023395
726.19165,0.004644889
726.310913,0.000113742
726.430176,-0.0003038
726.5495,-0.001225066
726.668762,0.00171819
726.788025,-0.00062152
726.907288,-0.00047489
727.026611,0.000265404
727.145874,0.000276584999999999
727.265137,0.00235595
727.384399,0.000975652
727.503723,0.002167606
727.622986,0.00241668
727.74231,-0.002715497
727.861572,0.000940917
727.980896,0.002820482
728.100159,-0.000789245000000001
728.219421,0.0024094361
728.338745,-0.002226197
728.458069,0.000547539
728.577332,0.000262579999999998
728.696655,-0.002040671
728.815918,-0.00358589
728.935242,0.001051006
729.054565,0.00022929
729.173828,0.000449166999999999
729.293152,0.002523609
729.412476,0.001816794
729.531738,-0.000871289999999997
729.651062,-0.001396083
729.770386,4.74689999999996e-05
729.889709,7.858e-05
730.009033,0.003023525
730.128357,-0.001404365
730.24762,-0.002988322
730.366943,0.0009198447
730.486267,-0.001014468
730.605591,0.0040077431
730.724915,0.002447911
730.844238,0.002747495
730.963562,0.0011635
731.082886,0.004988412
731.202209,-0.000458069999999998
731.321594,0.0016292152
731.440918,0.0007904006
731.560242,0.00037942
731.679565,0.000244597
731.798889,0.000532650000000001
731.918213,0.001809353
732.037598,0.002199287
732.156921,-0.000227
732.276245,0.002122638
732.395569,0.00185562
732.514954,-0.00230075
732.634277,0.000913799999999999
732.753601,-0.0014667
732.872986,0.00107157
732.99231,0.000507800000000001
733.111694,8.24699999999994e-05
733.231018,-0.000364416
733.350403,-0.000223830000000001
733.469727,-0.0005743
733.589111,0.002068699
733.708435,-0.000810320000000002
733.82782,-0.000107435
733.947144,-0.0003717041
734.066528,0.00316388
734.185913,0.00276169
734.305237,0.002372633
734.424622,0.000623229999999999
734.544006,0.002973976
734.66333,0.00125195
734.782715,-0.001325195
734.9021,-0.001269196
735.021484,-0.00039981
735.140808,0.00109417
735.260193,0.003174195
735.379578,-0.00071496
735.498962,0.001335623
735.618347,-5.62839999999993e-05
735.737732,0.00199972
735.857117,0.002094847
735.976501,-0.000788213999999999
736.095886,0.00146792
736.215271,0.001718387
736.334656,0.000531429999999999
736.454041,0.000570750000000001
736.573425,0.00216524
736.69281,0.000832922
736.812195,-0.000483134999999999
736.93158,0.000445084
737.050964,0.0014254478
737.17041,0.001332111
737.289795,0.00083742
737.40918,0.000421912
737.528564,0.000447678
737.64801,-0.001146698
737.767395,-1.9023e-05
737.88678,0.0015993648
738.006165,0.001735792
738.12561,-0.000794589
738.244995,0.003005662
738.364441,0.000847811
738.483826,0.00098935
738.603271,0.00210095
738.722656,0.00445382
738.842041,0.000629220000000003
738.961487,0.00263179
739.080933,0.0018535974
739.200317,-0.0011026819
739.319763,0.000119122
739.439148,0.001680596
739.558594,0.00278437
739.67804,0.00208019
739.797424,-0.00208372
739.91687,-0.00375138
740.036316,-0.00266628
740.155701,-0.00170401
740.275146,-0.00258966
740.394592,-0.00155418
