"Date:20221028 Time:13203503 Average:1 IntegrTime:0.210000 Instrum:CCS100"
XY 3648
321.491425 3.395355e-003
321.599548 -4.815231e-004
321.707672 4.333708e-003
321.815796 3.704024e-005
321.923920 7.778450e-004
322.032043 5.062166e-004
322.140198 3.469436e-003
322.248322 -1.074167e-003
322.356476 3.963306e-003
322.464630 4.815231e-004
322.572784 6.358574e-003
322.680939 1.568037e-003
322.789124 3.173114e-003
322.897278 1.814972e-003
323.005463 5.099206e-003
323.113647 3.086686e-004
323.221832 -3.827491e-004
323.330017 1.938439e-003
323.438232 1.271715e-003
323.546417 -1.605077e-004
323.654633 2.259454e-003
323.762848 1.247021e-003
323.871063 1.222328e-003
323.979279 1.617424e-003
324.087494 1.172941e-003
324.195740 2.778018e-003
324.303955 2.876792e-003
324.412201 2.876792e-003
324.520447 9.753929e-004
324.628693 4.074426e-004
324.736969 6.173373e-005
324.845215 1.222328e-003
324.953491 1.987826e-003
325.061737 3.247194e-003
325.170013 6.333881e-003
325.278290 1.222328e-003
325.386597 1.938439e-003
325.494873 6.543776e-004
325.603180 1.024780e-003
325.711456 2.481696e-003
325.819763 4.309014e-003
325.928070 3.024953e-003
326.036407 1.111207e-004
326.144714 3.197807e-003
326.253021 2.234761e-003
326.361359 1.568037e-003
326.469696 4.358402e-003
326.578033 1.987826e-003
326.686371 2.135987e-003
326.794708 -5.802971e-004
326.903076 2.629857e-003
327.011444 1.839665e-003
327.119781 2.086600e-003
327.228149 1.913746e-003
327.336517 -6.049906e-004
327.444916 3.074340e-003
327.553284 1.444569e-003
327.661682 3.815145e-003
327.770081 4.728804e-003
327.878448 7.716716e-003
327.986877 2.778018e-003
328.095276 -6.173373e-005
328.203674 2.135987e-003
328.312103 1.864359e-003
328.420502 6.296841e-004
328.528931 -8.025385e-004
328.637360 -1.000086e-003
328.745789 1.469263e-003
328.854248 -9.013125e-004
328.962677 4.568296e-004
329.071136 -1.000086e-003
329.179596 1.518650e-003
329.288055 -1.444569e-003
329.396515 2.210068e-003
329.504974 3.642290e-003
329.613464 2.531083e-003
329.721924 2.481696e-003
329.830414 1.245787e-002
329.938904 1.440865e-002
330.047394 6.852444e-003
330.155884 1.358142e-004
330.264404 7.037645e-004
330.372894 4.926352e-003
330.481415 2.555776e-003
330.589935 1.839665e-003
330.698456 2.160680e-003
330.806976 2.703937e-003
330.915497 2.012520e-003
331.024048 2.555776e-003
331.132568 -6.790710e-004
331.241119 8.272320e-004
331.349670 2.086600e-003
331.458221 3.148420e-003
331.566803 5.062166e-004
331.675354 2.555776e-003
331.783936 9.013125e-004
331.892487 1.691504e-003
332.001068 1.716198e-003
332.109650 1.518650e-003
332.218262 -1.370489e-003
332.326843 1.247021e-003
332.435455 2.358228e-003
332.544037 5.173286e-003
332.652649 1.111207e-004
332.761261 1.864359e-003
332.869873 4.210240e-003
332.978516 4.074426e-004
333.087128 -2.345882e-004
333.195770 2.086600e-003
333.304413 -1.247021e-003
333.413055 3.247194e-003
333.521698 -1.963133e-003
333.630341 1.568037e-003
333.738983 1.592730e-003
333.847656 1.592730e-003
333.956329 4.185547e-003
334.065002 1.505068e-002
334.173676 2.650846e-002
334.282349 1.697678e-002
334.391022 3.123727e-003
334.499725 2.457002e-003
334.608398 1.691504e-003
334.717102 1.444569e-003
334.825806 2.950872e-003
334.934509 4.136160e-003
335.043243 1.987826e-003
335.151947 8.272320e-004
335.260681 2.753324e-003
335.369415 1.543343e-003
335.478149 4.654723e-003
335.586884 2.259454e-003
335.695618 1.469263e-003
335.804352 2.728631e-003
335.913116 3.197807e-003
336.021881 1.605077e-004
336.130615 2.481696e-003
336.239380 2.753324e-003
336.348175 -3.704024e-005
336.456940 3.099033e-003
336.565735 3.765757e-003
336.674500 1.913746e-003
336.783295 -1.358142e-004
336.892090 1.642117e-003
337.000885 2.839752e-004
337.109680 2.160680e-003
337.218506 2.210068e-003
337.327301 2.210068e-003
337.436127 2.506390e-003
337.544952 1.370489e-003
337.653778 5.802971e-004
337.762604 4.037386e-003
337.871460 2.901485e-003
337.980286 1.469263e-003
338.089142 7.284580e-004
338.197998 2.407616e-003
338.306854 3.197807e-003
338.415710 1.148247e-003
338.524567 1.790278e-003
338.633453 5.049819e-003
338.742310 8.642722e-005
338.851196 -2.111294e-003
338.960083 1.963133e-003
339.068970 2.160680e-003
339.177856 2.135987e-003
339.286774 2.234761e-003
339.395660 4.012692e-003
339.504578 -1.358142e-004
339.613495 4.074426e-004
339.722412 1.370489e-003
339.831329 9.013125e-004
339.940247 1.605077e-004
340.049194 1.321102e-003
340.158112 2.098947e-004
340.267059 2.753324e-003
340.376007 5.074513e-003
340.484955 1.987826e-003
340.593903 1.814972e-003
340.702881 -9.506994e-004
340.811829 4.037386e-003
340.920807 1.271715e-003
341.029785 3.592903e-003
341.138763 1.222328e-003
341.247742 2.950872e-003
341.356750 7.531515e-004
341.465729 2.778018e-003
341.574738 -3.827491e-004
341.683716 5.173286e-003
341.792725 6.173373e-005
341.901733 4.309014e-003
342.010773 2.506390e-003
342.119781 3.420049e-003
342.228821 2.605163e-003
342.337830 3.148420e-003
342.446869 1.321102e-003
342.555908 8.272320e-004
342.664978 -2.839752e-004
342.774017 8.272320e-004
342.883057 1.642117e-003
342.992126 2.333535e-003
343.101196 1.321102e-003
343.210266 1.617424e-003
343.319336 3.494129e-003
343.428406 3.827491e-004
343.537506 -1.024780e-003
343.646576 2.827405e-003
343.755676 1.444569e-003
343.864777 1.123554e-003
343.973877 1.321102e-003
344.082977 3.197807e-003
344.192078 -5.556036e-004
344.301208 2.358228e-003
344.410339 3.173114e-003
344.519440 2.284148e-003
344.628571 2.802711e-003
344.737701 5.889398e-003
344.846863 2.098947e-004
344.955994 1.889052e-003
345.065155 2.728631e-003
345.174286 3.765757e-003
345.283447 -6.173373e-005
345.392609 1.074167e-003
345.501770 2.457002e-003
345.610962 1.765585e-003
345.720123 2.259454e-003
345.829315 2.703937e-003
345.938507 1.345795e-003
346.047699 3.987999e-003
346.156891 1.370489e-003
346.266083 1.271715e-003
346.375305 5.802971e-004
346.484497 3.691677e-003
346.593719 2.345882e-004
346.702942 2.802711e-003
346.812164 3.580556e-004
346.921387 -3.333621e-004
347.030609 1.111207e-004
347.139862 8.766190e-004
347.249084 2.531083e-003
347.358337 5.395528e-003
347.467590 1.148247e-003
347.576843 4.679417e-003
347.686096 1.493956e-003
347.795380 3.889225e-003
347.904633 2.802711e-003
348.013916 4.111466e-003
348.123199 8.766190e-004
348.232483 6.012865e-003
348.341766 1.605077e-004
348.451050 3.333621e-004
348.560364 -1.049473e-003
348.669678 7.037645e-004
348.778961 1.024780e-003
348.888275 -8.642722e-005
348.997589 1.592730e-003
349.106934 1.074167e-003
349.216248 1.814972e-003
349.325562 1.889052e-003
349.434906 -2.098947e-004
349.544250 4.160854e-003
349.653595 -1.358142e-004
349.762939 1.963133e-003
349.872284 6.790710e-004
349.981659 1.123554e-003
350.091003 7.284580e-004
350.200378 1.691504e-003
350.309753 2.605163e-003
350.419128 2.852098e-003
350.528503 3.827491e-004
350.637909 2.111294e-003
350.747284 4.185547e-003
350.856689 2.308842e-003
350.966095 2.012520e-003
351.075500 -1.111207e-004
351.184906 -1.543343e-003
351.294312 1.568037e-003
351.403748 3.543516e-003
351.513153 2.506390e-003
351.622589 1.592730e-003
351.732025 1.271715e-003
351.841461 -8.519255e-004
351.950897 3.494129e-003
352.060333 2.111294e-003
352.169800 1.938439e-003
352.279236 4.778191e-003
352.388702 2.839752e-004
352.498169 4.778191e-003
352.607635 -5.802971e-004
352.717102 1.814972e-003
352.826599 2.852098e-003
352.936066 -2.592817e-004
353.045563 3.568210e-003
353.155060 1.222328e-003
353.264557 5.309101e-004
353.374054 2.481696e-003
353.483551 -5.062166e-004
353.593079 1.963133e-003
353.702576 1.740891e-003
353.812103 3.271888e-003
353.921631 1.839665e-003
354.031158 4.234934e-003
354.140686 1.963133e-003
354.250244 3.580556e-004
354.359772 2.605163e-003
354.469330 -5.062166e-004
354.578888 2.185374e-003
354.688446 4.876965e-003
354.798004 2.234761e-003
354.907562 3.592903e-003
355.017120 8.766190e-004
355.126709 2.185374e-003
355.236298 3.741064e-003
355.345886 1.321102e-003
355.455475 1.889052e-003
355.565063 2.753324e-003
355.674652 2.111294e-003
355.784271 5.802971e-004
355.893860 -4.568296e-004
356.003479 1.605077e-004
356.113098 3.518823e-003
356.222717 4.555949e-003
356.332336 1.271715e-003
356.441986 -9.013125e-004
356.551605 2.629857e-003
356.661255 2.012520e-003
356.770905 3.123727e-003
356.880524 1.987826e-003
356.990204 3.148420e-003
357.099854 2.407616e-003
357.209503 1.666811e-003
357.319183 1.049473e-003
357.428864 1.617424e-003
357.538513 -1.148247e-003
357.648193 2.185374e-003
357.757904 5.815317e-003
357.867584 2.926179e-003
357.977264 -1.444569e-003
358.086975 2.728631e-003
358.196686 1.074167e-003
358.306396 1.765585e-003
358.416107 -1.864359e-003
358.525818 2.185374e-003
358.635529 1.172941e-003
358.745270 2.086600e-003
358.855011 2.802711e-003
358.964722 2.259454e-003
359.074463 2.629857e-003
359.184204 1.370489e-003
359.293976 1.111207e-004
359.403717 -5.062166e-004
359.513489 -8.272320e-004
359.623230 3.963306e-003
359.733002 1.444569e-003
359.842773 1.852012e-004
359.952545 1.444569e-003
360.062347 9.506994e-004
360.172119 3.716371e-003
360.281921 2.778018e-003
360.391724 -1.123554e-003
360.501495 1.321102e-003
360.611298 -5.062166e-004
360.721130 5.556036e-004
360.830933 3.074340e-003
360.940765 2.629857e-003
361.050568 -1.234675e-005
361.160400 1.049473e-003
361.270233 2.358228e-003
361.380066 2.259454e-003
361.489899 8.766190e-004
361.599762 2.852098e-003
361.709595 1.740891e-003
361.819458 3.345968e-003
361.929321 1.370489e-003
362.039185 1.852012e-004
362.149048 3.666983e-003
362.258911 4.852271e-003
362.368805 -6.296841e-004
362.478668 2.481696e-003
362.588562 2.098947e-004
362.698456 2.852098e-003
362.808350 -2.098947e-004
362.918243 -1.469263e-003
363.028137 9.753929e-004
363.138062 3.395355e-003
363.247955 3.617597e-003
363.357880 2.345882e-004
363.467804 5.617769e-003
363.577728 2.506390e-003
363.687653 8.766190e-004
363.797607 1.271715e-003
363.907532 1.123554e-003
364.017487 1.839665e-003
364.127441 2.839752e-004
364.237396 2.061907e-003
364.347351 1.518650e-003
364.457306 1.889052e-003
364.567261 2.345882e-004
364.677246 1.074167e-003
364.787231 1.987826e-003
364.897186 2.160680e-003
365.007172 1.000086e-003
365.117157 4.975738e-003
365.227173 1.247021e-003
365.337158 3.099033e-003
365.447174 3.074340e-003
365.557159 -1.716198e-003
365.667175 1.370489e-003
365.777191 2.259454e-003
365.887238 -1.358142e-004
365.997253 1.123554e-003
366.107269 9.260059e-004
366.217316 9.260059e-004
366.327362 1.370489e-003
366.437408 2.778018e-003
366.547455 -1.605077e-004
366.657501 3.987999e-003
366.767548 2.778018e-003
366.877625 1.963133e-003
366.987671 1.864359e-003
367.097748 1.605077e-004
367.207825 2.555776e-003
367.317902 3.049646e-003
367.427979 2.345882e-004
367.538086 1.395182e-003
367.648163 -1.358142e-004
367.758270 2.654550e-003
367.868378 2.531083e-003
367.978485 4.136160e-003
368.088593 8.766190e-004
368.198700 1.296408e-003
368.308807 -5.062166e-004
368.418945 2.382922e-003
368.529083 6.543776e-004
368.639191 1.765585e-003
368.749329 9.506994e-004
368.859497 7.778450e-004
368.969635 1.370489e-003
369.079773 -3.333621e-004
369.189941 -1.605077e-004
369.300110 4.160854e-003
369.410248 8.025385e-004
369.520416 1.000086e-003
369.630615 1.358142e-004
369.740784 2.703937e-003
369.850952 3.395355e-003
369.961151 1.358142e-004
370.071350 2.185374e-003
370.181549 3.049646e-003
370.291748 7.531515e-004
370.401947 -1.358142e-004
370.512146 9.013125e-004
370.622375 5.062166e-004
370.732574 1.716198e-003
370.842804 -3.827491e-004
370.953033 1.642117e-003
371.063263 2.778018e-003
371.173492 2.345882e-004
371.283752 3.716371e-003
371.393982 5.062166e-004
371.504242 6.173373e-005
371.614471 1.889052e-003
371.724731 1.370489e-003
371.834991 4.259627e-003
371.945282 4.062079e-003
372.055542 3.815145e-003
372.165833 4.457175e-003
372.276093 -6.173373e-005
372.386383 2.210068e-003
372.496674 2.284148e-003
372.606964 -1.049473e-003
372.717255 2.605163e-003
372.827576 -5.062166e-004
372.937866 8.025385e-004
373.048187 8.519255e-004
373.158508 2.506390e-003
373.268829 4.234934e-003
373.379150 1.419876e-003
373.489471 4.136160e-003
373.599823 -8.272320e-004
373.710144 7.284580e-004
373.820496 4.086773e-003
373.930847 -1.395182e-003
374.041199 2.457002e-003
374.151550 2.531083e-003
374.261902 2.086600e-003
374.372253 1.814972e-003
374.482635 3.024953e-003
374.593018 2.778018e-003
374.703400 3.000259e-003
374.813782 2.506390e-003
374.924164 -1.605077e-004
375.034546 6.049906e-004
375.144928 2.098947e-004
375.255341 3.741064e-003
375.365753 -6.296841e-004
375.476166 3.938612e-003
375.586578 -3.704024e-005
375.696991 -4.074426e-004
375.807404 2.728631e-003
375.917816 1.493956e-003
376.028259 -1.234675e-005
376.138702 4.012692e-003
376.249146 -5.802971e-004
376.359589 2.839752e-004
376.470032 1.568037e-003
376.580475 7.037645e-004
376.690948 3.222501e-003
376.801392 1.074167e-003
376.911865 3.099033e-003
377.022339 1.321102e-003
377.132813 3.469436e-003
377.243286 3.148420e-003
377.353760 1.938439e-003
377.464264 3.000259e-003
377.574738 9.013125e-004
377.685242 1.691504e-003
377.795746 2.308842e-003
377.906250 8.025385e-004
378.016754 1.148247e-003
378.127289 3.543516e-003
378.237793 4.074426e-004
378.348328 6.790710e-004
378.458862 1.605077e-004
378.569366 1.617424e-003
378.679932 8.025385e-004
378.790466 -4.568296e-004
378.901001 2.839752e-004
379.011566 1.247021e-003
379.122101 2.703937e-003
379.232666 2.876792e-003
379.343231 3.086686e-004
379.453796 2.654550e-003
379.564362 -6.173373e-005
379.674927 2.012520e-003
379.785522 1.247021e-003
379.896118 7.037645e-004
380.006683 2.555776e-003
380.117279 2.407616e-003
380.227875 1.296408e-003
380.338470 3.494129e-003
380.449097 7.778450e-004
380.559692 1.568037e-003
380.670319 2.839752e-004
380.780945 2.012520e-003
380.891571 1.592730e-003
381.002197 1.568037e-003
381.112823 1.592730e-003
381.223450 4.580643e-003
381.334106 -1.469263e-003
381.444733 4.778191e-003
381.555389 4.876965e-003
381.666046 8.519255e-004
381.776703 2.839752e-004
381.887360 -4.815231e-004
381.998047 2.407616e-003
382.108704 3.049646e-003
382.219391 2.111294e-003
382.330048 -5.309101e-004
382.440735 4.074426e-004
382.551422 1.395182e-003
382.662140 2.654550e-003
382.772827 1.568037e-003
382.883514 1.395182e-003
382.994232 2.086600e-003
383.104950 -6.049906e-004
383.215668 1.938439e-003
383.326385 1.234675e-005
383.437103 5.518996e-003
383.547821 1.296408e-003
383.658569 2.284148e-003
383.769287 -1.148247e-003
383.880035 2.753324e-003
383.990784 2.728631e-003
384.101532 3.000259e-003
384.212280 1.666811e-003
384.323059 4.654723e-003
384.433807 1.098860e-003
384.544586 2.481696e-003
384.655365 3.444742e-003
384.766113 1.691504e-003
384.876923 3.099033e-003
384.987701 2.333535e-003
385.098480 3.642290e-003
385.209290 2.926179e-003
385.320068 2.111294e-003
385.430878 3.222501e-003
385.541687 3.173114e-003
385.652496 2.852098e-003
385.763306 -1.444569e-003
385.874115 3.790451e-003
385.984955 6.049906e-004
386.095764 1.098860e-003
386.206604 7.778450e-004
386.317444 1.790278e-003
386.428284 1.358142e-004
386.539124 1.987826e-003
386.649994 6.790710e-004
386.760834 2.284148e-003
386.871704 2.592817e-004
386.982544 8.025385e-004
387.093414 -9.506994e-004
387.204285 5.802971e-004
387.315155 8.272320e-004
387.426056 1.444569e-003
387.536926 2.098947e-004
387.647827 -4.815231e-004
387.758698 2.382922e-003
387.869598 1.271715e-003
387.980499 4.815231e-004
388.091400 2.481696e-003
388.202332 1.000086e-003
388.313232 1.666811e-003
388.424164 1.716198e-003
388.535065 -9.753929e-004
388.645996 2.481696e-003
388.756927 3.741064e-003
388.867859 1.049473e-003
388.978821 9.013125e-004
389.089752 1.963133e-003
389.200714 3.543516e-003
389.311646 -7.037645e-004
389.422607 4.728804e-003
389.533569 3.444742e-003
389.644531 1.493956e-003
389.755493 2.703937e-003
389.866486 6.790710e-004
389.977448 3.518823e-003
390.088440 4.827578e-003
390.199432 -1.691504e-003
390.310425 4.901658e-003
390.421417 1.666811e-003
390.532410 3.568210e-003
390.643433 -2.345882e-004
390.754425 1.493956e-003
390.865448 2.778018e-003
390.976440 3.173114e-003
391.087463 9.013125e-004
391.198517 1.321102e-003
391.309540 1.247021e-003
391.420563 3.938612e-003
391.531616 4.321361e-004
391.642639 8.766190e-004
391.753693 -6.790710e-004
391.864746 2.457002e-003
391.975800 -1.765585e-003
392.086853 2.210068e-003
392.197906 -5.309101e-004
392.308990 1.345795e-003
392.420074 1.197634e-003
392.531128 1.568037e-003
392.642212 3.741064e-003
392.753296 9.753929e-004
392.864380 2.592817e-004
392.975494 6.543776e-004
393.086578 4.074426e-004
393.197693 2.728631e-003
393.308807 4.074426e-004
393.419891 2.531083e-003
393.531006 1.148247e-003
393.642151 3.271888e-003
393.753265 3.271888e-003
393.864380 2.580470e-003
393.975525 9.013125e-004
394.086670 1.074167e-003
394.197784 1.864359e-003
394.308929 3.543516e-003
394.420105 3.000259e-003
394.531250 -8.642722e-005
394.642395 2.234761e-003
394.753571 2.098947e-004
394.864716 2.950872e-003
394.975891 1.123554e-003
395.087067 1.148247e-003
395.198242 1.197634e-003
395.309448 2.185374e-003
395.420624 2.111294e-003
395.531799 1.049473e-003
395.643005 1.987826e-003
395.754211 1.358142e-004
395.865417 8.519255e-004
395.976624 -1.852012e-004
396.087830 1.074167e-003
396.199036 -1.247021e-003
396.310272 3.543516e-003
396.421509 1.913746e-003
396.532715 5.062166e-004
396.643951 -5.556036e-004
396.755188 1.419876e-003
396.866425 -2.679244e-003
396.977692 -2.592817e-004
397.088928 6.543776e-004
397.200195 3.494129e-003
397.311462 2.839752e-004
397.422699 5.049819e-003
397.533966 1.321102e-003
397.645264 -3.333621e-004
397.756531 1.444569e-003
397.867798 2.457002e-003
397.979095 1.642117e-003
398.090363 5.309101e-004
398.201660 5.556036e-004
398.312958 7.778450e-004
398.424255 3.296581e-003
398.535583 3.000259e-003
398.646881 2.852098e-003
398.758209 6.790710e-004
398.869507 3.099033e-003
398.980835 4.679417e-003
399.092163 4.815231e-004
399.203491 1.839665e-003
399.314819 6.543776e-004
399.426178 5.395528e-003
399.537506 4.321361e-004
399.648865 1.123554e-003
399.760193 3.321275e-003
399.871552 4.160854e-003
399.982910 -2.703937e-003
400.094299 2.234761e-003
400.205658 6.296841e-004
400.317017 2.975566e-003
400.428406 2.135987e-003
400.539795 1.765585e-003
400.651184 3.568210e-003
400.762573 1.617424e-003
400.873962 -6.049906e-004
400.985352 1.098860e-003
401.096741 2.210068e-003
401.208160 9.013125e-004
401.319580 5.062166e-004
401.430969 2.852098e-003
401.542389 2.703937e-003
401.653839 -5.556036e-004
401.765259 1.864359e-003
401.876678 3.704024e-005
401.988129 -2.382922e-003
402.099548 2.876792e-003
402.210999 6.296841e-004
402.322449 5.691850e-003
402.433899 -3.333621e-004
402.545349 2.160680e-003
402.656830 2.555776e-003
402.768280 1.666811e-003
402.879761 -8.519255e-004
402.991211 2.703937e-003
403.102692 2.259454e-003
403.214172 -2.098947e-004
403.325653 -1.111207e-004
403.437164 1.642117e-003
403.548645 2.234761e-003
403.660156 4.234934e-003
403.771637 2.185374e-003
403.883148 4.358402e-003
403.994659 2.432309e-003
404.106171 3.074340e-003
404.217712 3.197807e-003
404.329224 -1.111207e-004
404.440735 -3.333621e-004
404.552277 1.123554e-003
404.663818 2.778018e-003
404.775360 1.395182e-003
404.886902 2.160680e-003
404.998444 -7.037645e-004
405.109985 2.037213e-003
405.221558 2.728631e-003
405.333099 9.260059e-004
405.444672 9.753929e-004
405.556244 1.691504e-003
405.667816 4.568296e-004
405.779388 1.963133e-003
405.890961 2.111294e-003
406.002563 1.345795e-003
406.114136 6.086946e-003
406.225739 2.333535e-003
406.337341 5.123900e-003
406.448944 9.506994e-004
406.560547 1.642117e-003
406.672150 5.802971e-004
406.783783 2.852098e-003
406.895386 1.049473e-003
407.007019 -6.049906e-004
407.118622 1.913746e-003
407.230255 7.531515e-004
407.341888 1.123554e-003
407.453552 1.395182e-003
407.565186 2.086600e-003
407.676819 2.358228e-003
407.788483 7.778450e-004
407.900146 4.136160e-003
408.011810 1.642117e-003
408.123474 -1.666811e-003
408.235138 -9.506994e-004
408.346802 1.469263e-003
408.458466 1.049473e-003
408.570160 5.074513e-003
408.681854 3.666983e-003
408.793518 6.432655e-003
408.905212 3.271888e-003
409.016907 3.222501e-003
409.128632 7.284580e-004
409.240326 4.037386e-003
409.352020 3.580556e-004
409.463745 -1.049473e-003
409.575470 2.679244e-003
409.687195 1.913746e-003
409.798920 2.345882e-004
409.910645 1.642117e-003
410.022369 -1.839665e-003
410.134094 5.802971e-004
410.245850 2.457002e-003
410.357605 5.062166e-004
410.469330 2.259454e-003
410.581085 2.481696e-003
410.692871 1.617424e-003
410.804626 -2.592817e-004
410.916382 3.716371e-003
411.028168 1.666811e-003
411.139923 1.111207e-004
411.251709 -1.111207e-004
411.363495 2.135987e-003
411.475281 3.173114e-003
411.587067 4.802884e-003
411.698853 1.074167e-003
411.810669 -2.098947e-004
411.922455 2.358228e-003
412.034271 3.296581e-003
412.146088 -5.802971e-004
412.257904 2.876792e-003
412.369720 1.617424e-003
412.481537 2.432309e-003
412.593384 2.284148e-003
412.705200 1.111207e-004
412.817047 5.370834e-003
412.928864 1.963133e-003
413.040710 1.543343e-003
413.152557 8.766190e-004
413.264435 2.839752e-004
413.376282 1.370489e-003
413.488129 4.074426e-004
413.600006 1.345795e-003
413.711884 3.395355e-003
413.823730 6.679589e-003
413.935608 9.506994e-004
414.047516 2.333535e-003
414.159393 1.345795e-003
414.271271 1.197634e-003
414.383179 1.024780e-003
414.495056 4.432482e-003
414.606964 3.642290e-003
414.718872 9.506994e-004
414.830780 1.469263e-003
414.942688 2.703937e-003
415.054626 1.963133e-003
415.166534 2.827405e-003
415.278473 1.469263e-003
415.390381 6.790710e-004
415.502319 3.197807e-003
415.614258 3.000259e-003
415.726196 2.382922e-003
415.838135 -8.766190e-004
415.950104 2.382922e-003
416.062042 1.765585e-003
416.174011 3.148420e-003
416.285980 2.259454e-003
416.397949 2.506390e-003
416.509918 1.568037e-003
416.621887 2.012520e-003
416.733856 2.111294e-003
416.845825 1.197634e-003
416.957825 2.753324e-003
417.069824 3.642290e-003
417.181824 2.358228e-003
417.293823 1.518650e-003
417.405823 7.778450e-004
417.517822 3.271888e-003
417.629822 2.605163e-003
417.741852 1.913746e-003
417.853851 -6.790710e-004
417.965881 1.963133e-003
418.077911 9.013125e-004
418.189941 2.605163e-003
418.301971 1.852012e-004
418.414001 8.642722e-005
418.526062 1.568037e-003
418.638092 2.160680e-003
418.750153 -3.704024e-005
418.862213 3.691677e-003
418.974274 2.012520e-003
419.086334 2.975566e-003
419.198395 -1.592730e-003
419.310455 2.457002e-003
419.422546 2.098947e-004
419.534637 3.173114e-003
419.646698 3.741064e-003
419.758789 3.938612e-003
419.870880 3.247194e-003
419.982971 3.741064e-003
420.095093 7.778450e-004
420.207184 2.012520e-003
420.319275 7.284580e-004
420.431396 2.555776e-003
420.543518 2.333535e-003
420.655640 3.913919e-003
420.767761 -9.506994e-004
420.879883 3.518823e-003
420.992004 2.555776e-003
421.104156 1.358142e-004
421.216278 2.308842e-003
421.328430 2.234761e-003
421.440582 1.111207e-004
421.552734 3.827491e-004
421.664886 7.284580e-004
421.777039 4.062079e-003
421.889221 1.864359e-003
422.001373 2.778018e-003
422.113556 -7.531515e-004
422.225739 4.309014e-003
422.337891 1.864359e-003
422.450073 2.234761e-003
422.562286 -6.049906e-004
422.674469 9.260059e-004
422.786652 1.296408e-003
422.898865 2.901485e-003
423.011078 1.691504e-003
423.123260 -9.260059e-004
423.235474 2.086600e-003
423.347687 8.642722e-005
423.459930 7.284580e-004
423.572144 1.543343e-003
423.684357 -2.839752e-004
423.796600 5.049819e-003
423.908844 -8.642722e-005
424.021088 2.210068e-003
424.133331 -1.358142e-004
424.245575 -5.802971e-004
424.357819 2.061907e-003
424.470062 -3.827491e-004
424.582336 3.173114e-003
424.694580 1.666811e-003
424.806854 2.345882e-004
424.919128 1.963133e-003
425.031403 1.222328e-003
425.143677 5.802971e-004
425.255981 -7.778450e-004
425.368256 1.049473e-003
425.480560 4.160854e-003
425.592834 2.284148e-003
425.705139 -5.802971e-004
425.817444 3.765757e-003
425.929749 9.260059e-004
426.042053 4.531256e-003
426.154388 1.024780e-003
426.266693 -8.642722e-005
426.379028 1.814972e-003
426.491333 1.271715e-003
426.603668 1.049473e-003
426.716003 2.160680e-003
426.828339 4.037386e-003
426.940674 2.037213e-003
427.053040 4.321361e-004
427.165375 3.543516e-003
427.277740 3.099033e-003
427.390106 4.136160e-003
427.502472 -1.098860e-003
427.614838 1.197634e-003
427.727203 1.172941e-003
427.839569 1.271715e-003
427.951935 6.296841e-004
428.064331 2.333535e-003
428.176727 1.098860e-003
428.289093 2.358228e-003
428.401489 3.222501e-003
428.513885 3.420049e-003
428.626312 2.531083e-003
428.738708 1.172941e-003
428.851105 -2.345882e-004
428.963531 1.271715e-003
429.075958 2.160680e-003
429.188354 4.383095e-003
429.300781 1.395182e-003
429.413208 3.827491e-004
429.525665 1.852012e-004
429.638092 1.123554e-003
429.750519 8.272320e-004
429.862976 5.173286e-003
429.975433 -3.086686e-004
430.087891 2.654550e-003
430.200348 2.679244e-003
430.312805 3.987999e-003
430.425262 1.469263e-003
430.537720 4.037386e-003
430.650208 1.814972e-003
430.762665 2.259454e-003
430.875153 1.987826e-003
430.987640 2.654550e-003
431.100128 1.691504e-003
431.212616 -3.086686e-004
431.325134 8.766190e-004
431.437622 2.061907e-003
431.550110 2.839752e-004
431.662628 9.506994e-004
431.775146 -5.556036e-004
431.887665 2.407616e-003
432.000183 3.716371e-003
432.112701 9.506994e-004
432.225220 1.123554e-003
432.337769 -3.580556e-004
432.450287 3.494129e-003
432.562836 1.852012e-004
432.675385 2.061907e-003
432.787933 7.778450e-004
432.900482 1.592730e-003
433.013031 9.753929e-004
433.125580 8.025385e-004
433.238159 1.592730e-003
433.350708 2.135987e-003
433.463287 1.666811e-003
433.575867 2.061907e-003
433.688446 1.617424e-003
433.801025 3.247194e-003
433.913605 2.308842e-003
434.026215 6.790710e-004
434.138794 9.506994e-004
434.251404 1.222328e-003
434.363983 2.605163e-003
434.476593 2.778018e-003
434.589203 -1.605077e-004
434.701813 2.135987e-003
434.814453 4.086773e-003
434.927063 1.148247e-003
435.039673 2.753324e-003
435.152313 -6.173373e-005
435.264954 1.172941e-003
435.377594 8.025385e-004
435.490234 1.987826e-003
435.602875 1.963133e-003
435.715515 3.494129e-003
435.828156 1.444569e-003
435.940826 3.815145e-003
436.053497 3.148420e-003
436.166138 3.049646e-003
436.278809 1.197634e-003
436.391479 -6.173373e-005
436.504150 3.938612e-003
436.616852 1.913746e-003
436.729523 5.321448e-003
436.842224 4.160854e-003
436.954895 1.098860e-003
437.067596 1.370489e-003
437.180298 -2.345882e-004
437.292999 1.271715e-003
437.405701 -4.074426e-004
437.518402 1.666811e-003
437.631134 2.802711e-003
437.743835 1.666811e-003
437.856567 3.420049e-003
437.969299 9.260059e-004
438.082031 2.654550e-003
438.194763 2.407616e-003
438.307495 1.666811e-003
438.420227 4.160854e-003
438.532990 1.197634e-003
438.645721 2.703937e-003
438.758484 2.778018e-003
438.871246 7.531515e-004
438.984009 2.308842e-003
439.096771 4.901658e-003
439.209534 2.728631e-003
439.322296 3.173114e-003
439.435089 1.839665e-003
439.547852 9.013125e-004
439.660645 4.259627e-003
439.773438 -5.556036e-004
439.886230 3.271888e-003
439.999023 -7.531515e-004
440.111816 1.864359e-003
440.224609 -1.098860e-003
440.337433 1.444569e-003
440.450226 1.814972e-003
440.563049 5.074513e-003
440.675873 1.592730e-003
440.788696 -5.062166e-004
440.901520 1.666811e-003
441.014343 1.852012e-004
441.127167 -5.802971e-004
441.240021 3.987999e-003
441.352844 1.172941e-003
441.465698 1.493956e-003
441.578552 -3.086686e-004
441.691406 2.358228e-003
441.804260 1.852012e-004
441.917114 2.839752e-004
442.029968 2.629857e-003
442.142853 2.382922e-003
442.255707 6.790710e-004
442.368591 1.172941e-003
442.481476 -9.260059e-004
442.594360 3.333621e-004
442.707245 6.296841e-004
442.820129 4.037386e-003
442.933044 -4.568296e-004
443.045929 3.271888e-003
443.158844 6.296841e-004
443.271729 6.605509e-003
443.384644 6.296841e-004
443.497559 -6.296841e-004
443.610474 3.247194e-003
443.723389 1.074167e-003
443.836334 2.111294e-003
443.949249 2.580470e-003
444.062195 4.185547e-003
444.175110 -2.098947e-004
444.288055 -1.172941e-003
444.401001 6.457348e-003
444.513947 -1.172941e-003
444.626923 3.271888e-003
444.739868 2.605163e-003
444.852814 6.173373e-005
444.965790 1.444569e-003
445.078766 1.568037e-003
445.191711 5.802971e-004
445.304688 3.568210e-003
445.417664 1.296408e-003
445.530670 5.173286e-003
445.643646 2.457002e-003
445.756622 2.061907e-003
445.869629 2.185374e-003
445.982635 9.013125e-004
446.095612 1.234675e-005
446.208618 3.913919e-003
446.321655 1.740891e-003
446.434662 2.481696e-003
446.547668 3.580556e-004
446.660675 1.234675e-005
446.773712 3.395355e-003
446.886749 2.259454e-003
446.999786 5.309101e-004
447.112793 1.938439e-003
447.225861 2.852098e-003
447.338898 1.642117e-003
447.451935 3.222501e-003
447.564972 4.704110e-003
447.678040 4.062079e-003
447.791107 3.666983e-003
447.904175 2.358228e-003
448.017212 1.222328e-003
448.130310 -1.247021e-003
448.243378 -2.839752e-004
448.356445 5.593076e-003
448.469513 2.382922e-003
448.582611 2.975566e-003
448.695709 1.000086e-003
448.808777 2.358228e-003
448.921875 2.827405e-003
449.034973 -1.247021e-003
449.148102 2.481696e-003
449.261200 7.778450e-004
449.374298 4.185547e-003
449.487427 1.568037e-003
449.600525 4.062079e-003
449.713654 3.173114e-003
449.826782 3.691677e-003
449.939911 1.716198e-003
450.053040 5.025126e-003
450.166199 2.839752e-004
450.279327 1.000086e-003
450.392456 8.272320e-004
450.505615 3.148420e-003
450.618774 -2.839752e-004
450.731934 1.592730e-003
450.845093 1.098860e-003
450.958252 4.074426e-004
451.071411 4.815231e-004
451.184601 4.654723e-003
451.297760 1.864359e-003
451.410950 2.098947e-004
451.524109 2.728631e-003
451.637299 -4.321361e-004
451.750488 7.284580e-004
451.863678 2.111294e-003
451.976898 4.037386e-003
452.090088 2.506390e-003
452.203308 2.703937e-003
452.316498 5.568382e-003
452.429718 1.123554e-003
452.542938 2.531083e-003
452.656158 2.778018e-003
452.769379 4.111466e-003
452.882599 1.222328e-003
452.995819 8.766190e-004
453.109070 3.518823e-003
453.222290 2.185374e-003
453.335541 1.839665e-003
453.448792 4.111466e-003
453.562042 1.296408e-003
453.675293 1.247021e-003
453.788544 2.259454e-003
453.901794 3.839838e-003
454.015076 1.493956e-003
454.128326 1.987826e-003
454.241608 -7.037645e-004
454.354889 1.839665e-003
454.468170 4.160854e-003
454.581451 2.679244e-003
454.694733 2.605163e-003
454.808014 3.000259e-003
454.921326 2.333535e-003
455.034607 3.592903e-003
455.147919 6.543776e-004
455.261230 -1.049473e-003
455.374542 1.716198e-003
455.487854 2.185374e-003
455.601166 7.778450e-004
455.714478 3.086686e-004
455.827789 -1.419876e-003
455.941132 2.679244e-003
456.054474 9.260059e-004
456.167786 7.284580e-004
456.281128 6.432655e-003
456.394470 2.975566e-003
456.507813 5.568382e-003
456.621185 -1.148247e-003
456.734528 1.419876e-003
456.847870 2.901485e-003
456.961243 -3.580556e-004
457.074615 4.074426e-004
457.187988 2.111294e-003
457.301361 4.086773e-003
457.414734 1.765585e-003
457.528107 1.716198e-003
457.641479 2.210068e-003
457.754883 2.852098e-003
457.868256 6.778364e-003
457.981659 3.839838e-003
458.095062 4.333708e-003
458.208466 -2.592817e-004
458.321869 3.148420e-003
458.435272 1.765585e-003
458.548676 -1.000086e-003
458.662109 2.481696e-003
458.775513 4.074426e-004
458.888947 2.259454e-003
459.002380 2.950872e-003
459.115784 3.592903e-003
459.229218 5.173286e-003
459.342682 3.469436e-003
459.456116 1.098860e-003
459.569550 2.629857e-003
459.683014 5.346141e-003
459.796448 2.950872e-003
459.909912 1.568037e-003
460.023376 9.506994e-004
460.136841 3.296581e-003
460.250305 2.827405e-003
460.363770 4.605336e-003
460.477264 -1.605077e-004
460.590729 2.531083e-003
460.704224 4.815231e-004
460.817688 2.407616e-003
460.931183 2.210068e-003
461.044678 2.975566e-003
461.158173 3.024953e-003
461.271667 1.321102e-003
461.385193 3.469436e-003
461.498688 8.766190e-004
461.612213 2.382922e-003
461.725708 -9.753929e-004
461.839233 3.913919e-003
461.952759 3.494129e-003
462.066284 4.654723e-003
462.179810 3.741064e-003
462.293335 3.494129e-003
462.406891 2.654550e-003
462.520416 4.926352e-003
462.633972 1.740891e-003
462.747528 2.210068e-003
462.861053 6.136333e-003
462.974609 3.827491e-004
463.088165 3.271888e-003
463.201752 2.506390e-003
463.315308 2.457002e-003
463.428864 1.493956e-003
463.542450 3.716371e-003
463.656036 1.358142e-004
463.769623 2.728631e-003
463.883179 -6.296841e-004
463.996765 4.481869e-003
464.110382 3.592903e-003
464.223969 2.950872e-003
464.337555 3.271888e-003
464.451172 3.765757e-003
464.564789 3.333621e-004
464.678375 3.296581e-003
464.791992 2.950872e-003
464.905609 4.815231e-004
465.019226 -3.580556e-004
465.132874 2.728631e-003
465.246490 1.543343e-003
465.360107 1.197634e-003
465.473755 2.839752e-004
465.587402 2.382922e-003
465.701050 1.716198e-003
465.814667 1.172941e-003
465.928345 1.568037e-003
466.041992 2.345882e-004
466.155640 1.475436e-002
466.269287 2.345882e-004
466.382965 -4.568296e-004
466.496643 2.876792e-003
466.610291 5.074513e-003
466.723969 3.518823e-003
466.837646 2.185374e-003
466.951324 3.617597e-003
467.065033 9.260059e-004
467.178711 5.938785e-003
467.292419 1.169237e-002
467.406097 1.109108e-001
467.519806 3.853790e-001
467.633514 4.839801e-001
467.747223 3.084587e-001
467.860931 2.094132e-001
467.974640 1.240971e-001
468.088348 6.843802e-002
468.202087 3.137308e-002
468.315796 1.663107e-002
468.429535 1.537170e-002
468.543274 9.889743e-003
468.657013 7.741410e-003
468.770752 6.358574e-003
468.884491 5.148593e-003
468.998230 3.741064e-003
469.111969 4.259627e-003
469.225739 8.334054e-003
469.339508 4.062079e-003
469.453247 2.234761e-003
469.567017 2.111294e-003
469.680786 2.950872e-003
469.794556 3.839838e-003
469.908325 3.592903e-003
470.022125 1.691504e-003
470.135895 5.123900e-003
470.249695 1.222328e-003
470.363464 4.284321e-003
470.477264 4.654723e-003
470.591064 2.950872e-003
470.704865 4.815231e-004
470.818665 4.704110e-003
470.932465 2.753324e-003
471.046295 3.913919e-003
471.160095 7.543862e-003
471.273926 6.111639e-003
471.387756 6.630203e-003
471.501587 2.216241e-002
471.615387 1.899300e-001
471.729248 6.407344e-001
471.843079 8.174163e-001
471.956909 5.237860e-001
472.070740 3.578704e-001
472.184601 2.199820e-001
472.298462 1.167138e-001
472.412292 6.028916e-002
472.526154 3.171879e-002
472.640015 2.312545e-002
472.753876 1.561863e-002
472.867767 1.275419e-002
472.981628 1.169237e-002
473.095520 7.346314e-003
473.209381 5.494302e-003
473.323273 7.321620e-003
473.437164 6.605509e-003
473.551056 4.259627e-003
473.664948 5.963478e-003
473.778839 2.950872e-003
473.892731 2.037213e-003
474.006653 4.160854e-003
474.120544 2.457002e-003
474.234467 3.247194e-003
474.348389 1.493956e-003
474.462280 2.876792e-003
474.576202 5.309101e-004
474.690125 1.024780e-003
474.804077 1.111207e-004
474.917999 4.901658e-003
475.031921 1.666811e-003
475.145874 1.172941e-003
475.259827 2.901485e-003
475.373779 -1.234675e-005
475.487701 3.827491e-004
475.601654 3.049646e-003
475.715637 2.926179e-003
475.829590 3.938612e-003
475.943542 1.716198e-003
476.057526 3.099033e-003
476.171478 2.185374e-003
476.285461 4.630030e-003
476.399445 1.024780e-003
476.513428 3.568210e-003
476.627411 3.617597e-003
476.741394 3.938612e-003
476.855377 2.086600e-003
476.969391 2.679244e-003
477.083374 3.494129e-003
477.197388 1.592730e-003
477.311401 2.555776e-003
477.425415 1.740891e-003
477.539429 4.012692e-003
477.653442 6.432655e-003
477.767456 4.259627e-003
477.881470 2.061907e-003
477.995514 1.074167e-003
478.109528 2.185374e-003
478.223572 1.074167e-003
478.337616 5.802971e-004
478.451660 8.272320e-004
478.565704 1.691504e-003
478.679749 2.555776e-003
478.793793 1.740891e-003
478.907867 3.123727e-003
479.021912 2.111294e-003
479.135986 2.210068e-003
479.250061 4.531256e-003
479.364105 3.741064e-003
479.478180 3.222501e-003
479.592255 2.481696e-003
479.706360 2.555776e-003
479.820435 2.086600e-003
479.934509 5.074513e-003
480.048615 6.457348e-003
480.162689 3.864531e-003
480.276794 1.003790e-002
480.390900 5.510353e-002
480.505005 3.704888e-001
480.619110 9.281913e-001
480.733215 9.638981e-001
480.847351 6.410307e-001
480.961456 4.372353e-001
481.075592 2.558369e-001
481.189697 1.342462e-001
481.303833 6.503031e-002
481.417969 3.401529e-002
481.532104 2.598990e-002
481.646240 1.811268e-002
481.760376 1.690269e-002
481.874542 1.253195e-002
481.988678 1.085279e-002
482.102844 1.033423e-002
482.217010 8.679762e-003
482.331146 5.123900e-003
482.445313 6.259800e-003
482.559479 1.024780e-003
482.673645 2.432309e-003
482.787842 4.259627e-003
482.902008 4.901658e-003
483.016205 3.827491e-004
483.130371 4.531256e-003
483.244568 4.704110e-003
483.358765 4.333708e-003
483.472961 3.691677e-003
483.587158 8.025385e-004
483.701355 2.012520e-003
483.815552 3.099033e-003
483.929779 2.259454e-003
484.043976 3.494129e-003
484.158203 4.037386e-003
484.272430 1.716198e-003
484.386627 3.938612e-003
484.500854 3.148420e-003
484.615082 3.370662e-003
484.729340 3.395355e-003
484.843567 2.950872e-003
484.957794 -3.827491e-004
485.072052 9.013125e-004
485.186310 -5.062166e-004
485.300537 -6.296841e-004
485.414795 2.876792e-003
485.529053 5.049819e-003
485.643311 2.037213e-003
485.757599 3.086686e-004
485.871857 9.506994e-004
485.986115 2.160680e-003
486.100403 2.531083e-003
486.214691 5.309101e-004
486.328949 1.889052e-003
486.443237 5.321448e-003
486.557526 1.234675e-005
486.671814 -4.815231e-004
486.786133 1.938439e-003
486.900421 2.753324e-003
487.014709 -1.098860e-003
487.129028 6.679589e-003
487.243347 4.876965e-003
487.357635 3.864531e-003
487.471954 3.617597e-003
487.586273 8.272320e-004
487.700592 4.086773e-003
487.814941 1.987826e-003
487.929260 9.506994e-004
488.043610 2.827405e-003
488.157928 3.469436e-003
488.272278 3.580556e-004
488.386627 4.926352e-003
488.500977 4.679417e-003
488.615326 3.074340e-003
488.729675 -6.049906e-004
488.844025 2.876792e-003
488.958374 1.444569e-003
489.072754 4.210240e-003
489.187103 3.716371e-003
489.301483 1.222328e-003
489.415863 3.173114e-003
489.530243 9.753929e-004
489.644623 4.531256e-003
489.759003 8.766190e-004
489.873383 1.938439e-003
489.987793 -2.592817e-004
490.102173 3.790451e-003
490.216583 1.234675e-005
490.330963 5.000432e-003
490.445374 6.790710e-004
490.559784 4.457175e-003
490.674194 2.926179e-003
490.788605 1.493956e-003
490.903046 2.580470e-003
491.017456 3.666983e-003
491.131897 3.592903e-003
491.246307 1.296408e-003
491.360748 -1.358142e-004
491.475189 1.765585e-003
491.589630 4.062079e-003
491.704071 3.099033e-003
491.818512 1.049473e-003
491.932953 8.766190e-004
492.047394 1.839665e-003
492.161865 2.358228e-003
492.276337 2.098947e-004
492.390778 3.271888e-003
492.505249 2.382922e-003
492.619720 4.605336e-003
492.734192 1.247021e-003
492.848663 6.790710e-004
492.963135 2.802711e-003
493.077637 2.012520e-003
493.192108 3.345968e-003
493.306610 3.666983e-003
493.421112 3.580556e-004
493.535583 2.654550e-003
493.650085 3.765757e-003
493.764587 -2.592817e-004
493.879120 1.814972e-003
493.993622 2.827405e-003
494.108124 9.753929e-004
494.222656 8.272320e-004
494.337158 2.901485e-003
494.451691 2.185374e-003
494.566223 4.074426e-004
494.680756 1.321102e-003
494.795288 -9.506994e-004
494.909821 -1.111207e-004
495.024353 2.827405e-003
495.138916 1.419876e-003
495.253448 5.309101e-004
495.368011 1.296408e-003
495.482544 -3.333621e-004
495.597107 1.469263e-003
495.711670 1.543343e-003
495.826233 2.839752e-004
495.940796 -4.568296e-004
496.055389 1.938439e-003
496.169952 5.765930e-003
496.284515 6.049906e-004
496.399109 3.765757e-003
496.513702 1.172941e-003
496.628265 3.790451e-003
496.742859 1.000086e-003
496.857452 2.308842e-003
496.972076 1.642117e-003
497.086670 6.296841e-004
497.201263 1.987826e-003
497.315887 3.741064e-003
497.430481 2.061907e-003
497.545105 4.728804e-003
497.659729 1.765585e-003
497.774353 3.333621e-004
497.888977 2.407616e-003
498.003601 2.284148e-003
498.118225 1.691504e-003
498.232849 1.197634e-003
498.347504 6.790710e-004
498.462128 3.099033e-003
498.576782 4.333708e-003
498.691437 1.765585e-003
498.806091 3.148420e-003
498.920746 1.469263e-003
499.035400 8.519255e-004
499.150055 5.099206e-003
499.264709 3.345968e-003
499.379395 2.506390e-003
499.494049 1.049473e-003
499.608734 1.716198e-003
499.723419 1.098860e-003
499.838074 1.716198e-003
499.952759 4.160854e-003
500.067474 2.531083e-003
500.182159 -1.098860e-003
500.296844 2.185374e-003
500.411530 4.815231e-004
500.526245 1.444569e-003
500.640961 3.642290e-003
500.755646 2.778018e-003
500.870361 4.568296e-004
500.985077 -3.580556e-004
501.099792 4.568296e-004
501.214508 1.889052e-003
501.329254 2.160680e-003
501.443970 -1.111207e-004
501.558716 1.172941e-003
501.673431 1.666811e-003
501.788177 3.568210e-003
501.902924 -1.605077e-004
502.017670 3.000259e-003
502.132416 1.518650e-003
502.247162 2.703937e-003
502.361908 2.111294e-003
502.476654 3.074340e-003
502.591431 1.740891e-003
502.706207 5.062166e-004
502.820953 1.024780e-003
502.935730 1.074167e-003
503.050507 2.605163e-003
503.165283 3.148420e-003
503.280060 1.049473e-003
503.394836 2.654550e-003
503.509644 1.395182e-003
503.624420 1.889052e-003
503.739227 7.778450e-004
503.854004 1.222328e-003
503.968811 4.111466e-003
504.083618 4.086773e-003
504.198425 7.778450e-004
504.313232 3.444742e-003
504.428040 -8.642722e-005
504.542877 3.444742e-003
504.657684 4.704110e-003
504.772491 3.704024e-005
504.887329 2.728631e-003
505.002167 4.012692e-003
505.117004 1.592730e-003
505.231842 3.543516e-003
505.346680 2.284148e-003
505.461517 1.716198e-003
505.576355 2.358228e-003
505.691223 3.494129e-003
505.806061 2.778018e-003
505.920929 1.889052e-003
506.035767 4.259627e-003
506.150635 1.271715e-003
506.265503 1.024780e-003
506.380371 2.950872e-003
506.495239 5.309101e-004
506.610107 1.172941e-003
506.725006 1.271715e-003
506.839874 -9.506994e-004
506.954773 1.098860e-003
507.069672 6.543776e-004
507.184540 5.247367e-003
507.299438 6.309187e-003
507.414337 -1.111207e-004
507.529236 1.568037e-003
507.644165 2.407616e-003
507.759064 2.382922e-003
507.873962 -1.234675e-005
507.988892 4.321361e-004
508.103790 1.605077e-004
508.218719 3.568210e-003
508.333649 -1.234675e-005
508.448578 1.271715e-003
508.563507 2.234761e-003
508.678436 2.753324e-003
508.793365 -1.271715e-003
508.908325 6.543776e-004
509.023254 9.506994e-004
509.138214 8.272320e-004
509.253174 2.234761e-003
509.368103 2.259454e-003
509.483063 -8.642722e-005
509.598022 1.642117e-003
509.712982 -5.556036e-004
509.827972 1.148247e-003
509.942932 3.518823e-003
510.057892 3.271888e-003
510.172882 1.049473e-003
510.287872 -8.766190e-004
510.402832 2.382922e-003
510.517822 2.852098e-003
510.632813 1.296408e-003
510.747803 2.382922e-003
510.862823 3.642290e-003
510.977814 4.333708e-003
511.092804 1.419876e-003
511.207825 3.913919e-003
511.322815 4.951045e-003
511.437836 3.222501e-003
511.552856 3.395355e-003
511.667877 1.395182e-003
511.782898 1.568037e-003
511.897919 3.938612e-003
512.012939 1.740891e-003
512.127991 2.901485e-003
512.242981 2.778018e-003
512.358032 5.593076e-003
512.473083 1.111207e-004
512.588135 1.889052e-003
512.703186 -8.642722e-005
512.818237 4.580643e-003
512.933289 2.358228e-003
513.048340 1.074167e-003
513.163391 2.531083e-003
513.278442 8.766190e-004
513.393555 1.247021e-003
513.508606 2.629857e-003
513.623657 3.741064e-003
513.738770 2.234761e-003
513.853821 1.913746e-003
513.968933 5.025126e-003
514.083984 2.901485e-003
514.199097 1.963133e-003
514.314209 2.358228e-003
514.429260 2.284148e-003
514.544373 1.419876e-003
514.659485 5.025126e-003
514.774597 3.173114e-003
514.889709 1.234675e-005
515.004822 3.938612e-003
515.119934 2.259454e-003
515.235046 2.876792e-003
515.350159 1.852012e-004
515.465271 4.309014e-003
515.580383 3.913919e-003
515.695557 2.876792e-003
515.810669 2.975566e-003
515.925842 2.259454e-003
516.040955 2.457002e-003
516.156067 1.123554e-003
516.271240 2.086600e-003
516.386414 2.234761e-003
516.501526 2.061907e-003
516.616699 1.790278e-003
516.731873 7.037645e-004
516.847046 1.864359e-003
516.962219 8.025385e-004
517.077332 9.013125e-004
517.192505 3.049646e-003
517.307678 3.741064e-003
517.422913 2.160680e-003
517.538086 3.271888e-003
517.653259 3.889225e-003
517.768433 1.765585e-003
517.883606 5.049819e-003
517.998840 5.617769e-003
518.114014 4.827578e-003
518.229248 4.679417e-003
518.344421 2.037213e-003
518.459656 3.827491e-004
518.574829 1.222328e-003
518.690063 7.284580e-004
518.805298 -6.173373e-005
518.920471 1.419876e-003
519.035706 2.629857e-003
519.150940 2.481696e-003
519.266174 2.926179e-003
519.381409 3.099033e-003
519.496643 2.629857e-003
519.611877 2.654550e-003
519.727112 1.852012e-004
519.842346 -5.062166e-004
519.957642 6.049906e-004
520.072876 1.592730e-003
520.188110 1.814972e-003
520.303406 2.481696e-003
520.418640 1.370489e-003
520.533875 3.987999e-003
520.649170 2.037213e-003
520.764465 2.308842e-003
520.879700 2.703937e-003
520.994995 3.704024e-005
521.110291 4.555949e-003
521.225525 2.037213e-003
521.340820 7.778450e-004
521.456116 1.987826e-003
521.571411 2.876792e-003
521.686707 1.271715e-003
521.802002 6.790710e-004
521.917297 2.679244e-003
522.032593 1.222328e-003
522.147949 4.136160e-003
522.263245 1.222328e-003
522.378540 8.766190e-004
522.493896 1.444569e-003
522.609192 4.358402e-003
522.724487 1.358142e-004
522.839844 5.963478e-003
522.955200 2.259454e-003
523.070496 9.013125e-004
523.185852 6.543776e-004
523.301208 4.506562e-003
523.416504 2.111294e-003
523.531860 -9.013125e-004
523.647217 8.766190e-004
523.762573 2.457002e-003
523.877930 5.309101e-004
523.993286 2.382922e-003
524.108643 -4.568296e-004
524.223999 2.802711e-003
524.339355 1.234675e-005
524.454712 3.099033e-003
524.570129 4.876965e-003
524.685486 2.679244e-003
524.800842 6.790710e-004
524.916260 3.963306e-003
525.031616 9.013125e-004
525.147034 3.271888e-003
525.262451 3.370662e-003
525.377808 6.136333e-003
525.493225 1.716198e-003
525.608643 1.963133e-003
525.723999 3.099033e-003
525.839417 3.247194e-003
525.954834 2.160680e-003
526.070251 1.716198e-003
526.185669 1.617424e-003
526.301086 2.531083e-003
526.416504 3.099033e-003
526.531921 1.469263e-003
526.647400 3.704024e-005
526.762817 2.111294e-003
526.878235 -1.642117e-003
526.993652 1.592730e-003
527.109131 1.148247e-003
527.224548 8.642722e-005
527.340027 2.778018e-003
527.455444 4.012692e-003
527.570923 3.642290e-003
527.686401 5.247367e-003
527.801819 -4.815231e-004
527.917297 2.061907e-003
528.032776 2.703937e-003
528.148254 1.000086e-003
528.263733 1.852012e-004
528.379211 8.025385e-004
528.494690 4.630030e-003
528.610168 2.407616e-003
528.725647 2.333535e-003
528.841125 2.629857e-003
528.956604 -3.333621e-004
529.072083 4.481869e-003
529.187622 1.024780e-003
529.303101 2.703937e-003
529.418579 -7.778450e-004
529.534119 1.444569e-003
529.649597 4.802884e-003
529.765137 1.123554e-003
529.880676 1.345795e-003
529.996155 3.370662e-003
530.111694 1.493956e-003
530.227234 3.099033e-003
530.342773 -3.704024e-005
530.458252 1.197634e-003
530.573792 1.469263e-003
530.689331 1.691504e-003
530.804871 6.173373e-005
530.920410 1.666811e-003
531.035950 2.061907e-003
531.151550 2.950872e-003
531.267090 -1.000086e-003
531.382629 1.963133e-003
531.498169 2.531083e-003
531.613770 1.321102e-003
531.729309 1.568037e-003
531.844910 -1.370489e-003
531.960449 2.555776e-003
532.076050 3.197807e-003
532.191589 5.469609e-003
532.307190 5.222674e-003
532.422791 -4.568296e-004
532.538330 4.111466e-003
532.653931 2.382922e-003
532.769531 3.173114e-003
532.885132 3.592903e-003
533.000732 1.271715e-003
533.116333 2.654550e-003
533.231934 8.766190e-004
533.347534 7.284580e-004
533.463135 5.148593e-003
533.578796 2.234761e-003
533.694397 1.691504e-003
533.809998 1.814972e-003
533.925659 5.099206e-003
534.041260 1.691504e-003
534.156860 2.876792e-003
534.272522 3.271888e-003
534.388123 1.987826e-003
534.503784 5.642463e-003
534.619446 1.123554e-003
534.735046 1.000086e-003
534.850708 3.543516e-003
534.966370 2.012520e-003
535.082031 2.852098e-003
535.197693 1.419876e-003
535.313354 2.358228e-003
535.429016 9.013125e-004
535.544678 3.543516e-003
535.660339 1.864359e-003
535.776001 4.111466e-003
535.891663 2.839752e-004
536.007385 3.444742e-003
536.123047 1.345795e-003
536.238708 1.444569e-003
536.354431 1.568037e-003
536.470093 4.074426e-004
536.585815 2.333535e-003
536.701477 4.630030e-003
536.817200 4.333708e-003
536.932861 2.407616e-003
537.048584 1.592730e-003
537.164307 -6.049906e-004
537.280029 3.271888e-003
537.395691 2.457002e-003
537.511414 1.148247e-003
537.627136 6.012865e-003
537.742859 1.864359e-003
537.858582 2.457002e-003
537.974304 2.135987e-003
538.090088 4.580643e-003
538.205811 2.703937e-003
538.321533 3.247194e-003
538.437256 6.086946e-003
538.553040 3.543516e-003
538.668762 1.395182e-003
538.784485 1.666811e-003
538.900269 -2.098947e-004
539.015991 2.802711e-003
539.131775 2.333535e-003
539.247559 -6.790710e-004
539.363281 2.098947e-004
539.479065 3.938612e-003
539.594849 1.716198e-003
539.710632 2.839752e-004
539.826416 1.790278e-003
539.942139 3.333621e-004
540.057922 1.864359e-003
540.173706 2.061907e-003
540.289551 4.531256e-003
540.405334 5.247367e-003
540.521118 1.222328e-003
540.636902 1.074167e-003
540.752686 4.074426e-004
540.868530 3.049646e-003
540.984314 3.222501e-003
541.100098 2.975566e-003
541.215942 3.543516e-003
541.331726 2.679244e-003
541.447571 1.852012e-004
541.563416 2.358228e-003
541.679199 1.617424e-003
541.795044 2.135987e-003
541.910889 4.160854e-003
542.026672 3.518823e-003
542.142517 4.753497e-003
542.258362 2.407616e-003
542.374207 1.493956e-003
542.490051 4.432482e-003
542.605896 6.173373e-005
542.721741 3.469436e-003
542.837585 2.012520e-003
542.953491 2.506390e-003
543.069336 1.568037e-003
543.185181 2.185374e-003
543.301025 3.666983e-003
543.416931 1.395182e-003
543.532776 3.864531e-003
543.648682 3.568210e-003
543.764526 1.148247e-003
543.880432 2.457002e-003
543.996338 9.753929e-004
544.112183 -4.074426e-004
544.228088 1.716198e-003
544.343994 9.260059e-004
544.459900 7.037645e-004
544.575745 1.296408e-003
544.691650 1.000086e-003
544.807556 3.963306e-003
544.923462 2.728631e-003
545.039368 1.839665e-003
545.155273 1.148247e-003
545.271240 4.753497e-003
545.387146 4.457175e-003
545.503052 2.345882e-004
545.618958 2.802711e-003
545.734924 4.630030e-003
545.850830 1.617424e-003
545.966797 6.790710e-004
546.082703 1.247021e-003
546.198669 1.790278e-003
546.314575 2.111294e-003
546.430542 2.876792e-003
546.546509 4.358402e-003
546.662415 2.703937e-003
546.778381 3.691677e-003
546.894348 2.654550e-003
547.010315 7.284580e-004
547.126282 1.864359e-003
547.242249 1.172941e-003
547.358215 2.926179e-003
547.474182 1.024780e-003
547.590149 -1.642117e-003
547.706116 1.852012e-004
547.822083 4.827578e-003
547.938110 4.074426e-004
548.054077 1.543343e-003
548.170044 2.629857e-003
548.286072 3.691677e-003
548.402039 3.592903e-003
548.518066 3.123727e-003
548.634033 5.716543e-003
548.750061 3.345968e-003
548.866028 2.703937e-003
548.982056 1.839665e-003
549.098083 6.296841e-004
549.214111 1.740891e-003
549.330078 3.345968e-003
549.446106 3.074340e-003
549.562134 1.592730e-003
549.678162 6.049906e-004
549.794189 3.987999e-003
549.910217 1.740891e-003
550.026245 1.691504e-003
550.142334 1.358142e-004
550.258362 3.370662e-003
550.374390 2.753324e-003
550.490417 1.814972e-003
550.606506 1.444569e-003
550.722534 1.024780e-003
550.838623 2.629857e-003
550.954651 4.778191e-003
551.070740 3.000259e-003
551.186768 2.432309e-003
551.302856 1.592730e-003
551.418884 4.383095e-003
551.534973 3.716371e-003
551.651062 3.333621e-004
551.767151 3.444742e-003
551.883240 2.950872e-003
551.999329 3.000259e-003
552.115417 2.086600e-003
552.231506 2.259454e-003
552.347595 3.395355e-003
552.463684 2.308842e-003
552.579773 2.778018e-003
552.695862 2.950872e-003
552.811951 5.123900e-003
552.928101 -1.123554e-003
553.044189 2.358228e-003
553.160278 -1.358142e-004
553.276428 6.605509e-003
553.392517 1.172941e-003
553.508667 4.815231e-004
553.624817 2.728631e-003
553.740906 9.506994e-004
553.857056 1.234675e-005
553.973206 3.790451e-003
554.089294 4.136160e-003
554.205444 3.827491e-004
554.321594 1.568037e-003
554.437744 2.259454e-003
554.553894 1.197634e-003
554.670044 -6.049906e-004
554.786194 2.012520e-003
554.902344 1.518650e-003
555.018494 3.197807e-003
555.134644 4.259627e-003
555.250854 4.321361e-004
555.367004 2.975566e-003
555.483154 4.778191e-003
555.599365 2.580470e-003
555.715515 1.123554e-003
555.831726 5.062166e-004
555.947876 6.790710e-004
556.064087 2.407616e-003
556.180237 3.345968e-003
556.296448 6.296841e-004
556.412659 2.950872e-003
556.528809 2.234761e-003
556.645020 1.395182e-003
556.761230 3.370662e-003
556.877441 1.074167e-003
556.993652 3.345968e-003
557.109863 1.024780e-003
557.226074 2.345882e-004
557.342285 1.111207e-004
557.458496 5.173286e-003
557.574707 2.135987e-003
557.690918 2.086600e-003
557.807190 1.493956e-003
557.923401 9.013125e-004
558.039612 3.148420e-003
558.155884 2.111294e-003
558.272095 -3.827491e-004
558.388367 1.642117e-003
558.504578 3.568210e-003
558.620850 3.827491e-004
558.737061 1.358142e-004
558.853333 1.296408e-003
558.969604 -4.321361e-004
559.085876 7.284580e-004
559.202087 4.407788e-003
559.318359 1.321102e-003
559.434631 6.901831e-003
559.550903 4.457175e-003
559.667175 2.975566e-003
559.783447 4.111466e-003
559.899719 -2.345882e-004
560.015991 4.111466e-003
560.132324 -3.580556e-004
560.248596 2.135987e-003
560.364868 1.444569e-003
560.481201 3.592903e-003
560.597473 1.691504e-003
560.713745 7.778450e-004
560.830078 4.136160e-003
560.946350 4.383095e-003
561.062683 1.493956e-003
561.178955 4.728804e-003
561.295288 1.889052e-003
561.411621 4.210240e-003
561.527954 1.814972e-003
561.644226 3.642290e-003
561.760559 5.370834e-003
561.876892 4.136160e-003
561.993225 2.802711e-003
562.109558 2.407616e-003
562.225891 4.062079e-003
562.342224 3.049646e-003
562.458557 1.148247e-003
562.574890 2.605163e-003
562.691223 1.889052e-003
562.807617 1.345795e-003
562.923950 1.370489e-003
563.040283 2.086600e-003
563.156677 1.852012e-004
563.273010 3.568210e-003
563.389404 -3.704024e-005
563.505737 5.049819e-003
563.622131 1.247021e-003
563.738464 2.605163e-003
563.854858 3.617597e-003
563.971252 1.123554e-003
564.087585 1.716198e-003
564.203979 1.395182e-003
564.320374 2.037213e-003
564.436768 -4.074426e-004
564.553162 2.086600e-003
564.669556 1.592730e-003
564.785950 2.901485e-003
564.902344 3.691677e-003
565.018738 2.605163e-003
565.135132 1.247021e-003
565.251526 2.210068e-003
565.367981 2.061907e-003
565.484375 1.864359e-003
565.600769 2.210068e-003
565.717224 9.506994e-004
565.833618 2.160680e-003
565.950073 3.518823e-003
566.066467 2.259454e-003
566.182922 3.642290e-003
566.299316 1.172941e-003
566.415771 -8.642722e-005
566.532227 2.358228e-003
566.648621 9.013125e-004
566.765076 4.568296e-004
566.881531 1.370489e-003
566.997986 -1.234675e-005
567.114441 7.778450e-004
567.230896 2.457002e-003
567.347351 -2.259454e-003
567.463806 2.061907e-003
567.580261 2.753324e-003
567.696716 3.666983e-003
567.813171 2.926179e-003
567.929688 4.383095e-003
568.046143 2.432309e-003
568.162598 2.284148e-003
568.279114 2.778018e-003
568.395569 3.704024e-005
568.512024 6.309187e-003
568.628540 1.000086e-003
568.744995 3.963306e-003
568.861511 4.234934e-003
568.978027 8.766190e-004
569.094482 3.395355e-003
569.210999 2.457002e-003
569.327515 1.889052e-003
569.444031 3.592903e-003
569.560547 6.049906e-004
569.677063 1.098860e-003
569.793579 9.260059e-004
569.910095 1.222328e-003
570.026611 3.839838e-003
570.143127 -9.753929e-004
570.259644 3.086686e-004
570.376160 1.111207e-004
570.492676 4.136160e-003
570.609192 8.272320e-004
570.725769 2.457002e-003
570.842285 2.382922e-003
570.958862 3.333621e-004
571.075378 1.814972e-003
571.191956 3.913919e-003
571.308472 6.543776e-004
571.425049 5.815317e-003
571.541565 3.321275e-003
571.658142 2.926179e-003
571.774719 2.852098e-003
571.891235 4.062079e-003
572.007813 3.271888e-003
572.124390 5.988172e-003
572.240967 1.987826e-003
572.357544 3.222501e-003
572.474121 1.172941e-003
572.590698 1.172941e-003
572.707275 -1.321102e-003
572.823853 2.185374e-003
572.940430 -1.358142e-004
573.057007 3.086686e-004
573.173645 4.580643e-003
573.290222 3.518823e-003
573.406799 1.321102e-003
573.523438 3.345968e-003
573.640015 7.531515e-004
573.756653 4.852271e-003
573.873230 2.728631e-003
573.989868 2.185374e-003
574.106445 1.666811e-003
574.223083 1.024780e-003
574.339722 1.666811e-003
574.456299 1.024780e-003
574.572937 2.481696e-003
574.689575 2.901485e-003
574.806213 1.493956e-003
574.922852 3.148420e-003
575.039490 -7.037645e-004
575.156128 2.185374e-003
575.272766 2.234761e-003
575.389404 2.259454e-003
575.506042 7.284580e-004
575.622681 2.308842e-003
575.739319 5.309101e-004
575.856018 1.123554e-003
575.972656 3.580556e-004
576.089294 3.494129e-003
576.205994 1.814972e-003
576.322632 1.889052e-003
576.439331 -3.333621e-004
576.555969 3.617597e-003
576.672668 4.037386e-003
576.789307 1.987826e-003
576.906006 -3.580556e-004
577.022705 2.506390e-003
577.139343 1.222328e-003
577.256042 1.518650e-003
577.372742 3.691677e-003
577.489441 3.494129e-003
577.606140 1.123554e-003
577.722839 1.074167e-003
577.839539 1.814972e-003
577.956238 1.642117e-003
578.072937 2.778018e-003
578.189636 4.901658e-003
578.306335 2.234761e-003
578.423096 -5.556036e-004
578.539795 2.333535e-003
578.656494 3.987999e-003
578.773254 5.222674e-003
578.889954 2.234761e-003
579.006653 3.173114e-003
579.123413 4.086773e-003
579.240112 2.432309e-003
579.356873 3.370662e-003
579.473633 1.666811e-003
579.590332 1.963133e-003
579.707092 1.691504e-003
579.823853 8.642722e-005
579.940613 4.815231e-004
580.057312 2.160680e-003
580.174072 2.259454e-003
580.290833 3.000259e-003
580.407593 2.802711e-003
580.524353 6.296841e-004
580.641113 2.531083e-003
580.757874 1.292704e-002
580.874634 5.802971e-004
580.991455 2.555776e-003
581.108215 -2.592817e-004
581.224976 -1.098860e-003
581.341736 1.790278e-003
581.458557 1.222328e-003
581.575317 2.605163e-003
581.692139 -7.284580e-004
581.808899 1.740891e-003
581.925720 1.024780e-003
582.042480 3.173114e-003
582.159302 4.975738e-003
582.276062 2.432309e-003
582.392883 5.062166e-004
582.509705 5.889398e-003
582.626526 2.592817e-004
582.743286 1.716198e-003
582.860107 2.654550e-003
582.976929 3.395355e-003
583.093750 -2.345882e-004
583.210571 1.271715e-003
583.327393 -3.333621e-004
583.444214 8.272320e-004
583.561035 3.494129e-003
583.677917 7.778450e-004
583.794739 2.012520e-003
583.911560 2.555776e-003
584.028381 3.642290e-003
584.145264 2.234761e-003
584.262085 3.123727e-003
584.378967 6.296841e-004
584.495789 3.913919e-003
584.612671 2.679244e-003
584.729492 1.098860e-003
584.846375 4.358402e-003
584.963196 1.691504e-003
585.080078 3.469436e-003
585.196960 1.913746e-003
585.313843 3.420049e-003
585.430664 1.852012e-004
585.547546 1.814972e-003
585.664429 1.543343e-003
585.781311 8.272320e-004
585.898193 1.024780e-003
586.015076 6.457348e-003
586.131958 9.013125e-004
586.248840 2.382922e-003
586.365723 2.531083e-003
586.482666 2.382922e-003
586.599548 1.852012e-004
586.716431 1.568037e-003
586.833313 1.864359e-003
586.950256 3.543516e-003
587.067139 3.296581e-003
587.184082 1.568037e-003
587.300964 1.605077e-004
587.417908 3.716371e-003
587.534790 1.987826e-003
587.651733 4.136160e-003
587.768616 7.284580e-004
587.885559 3.716371e-003
588.002502 4.012692e-003
588.119446 7.296927e-003
588.236389 3.617597e-003
588.353271 6.790710e-004
588.470215 3.197807e-003
588.587158 1.444569e-003
588.704102 1.395182e-003
588.821045 -1.852012e-004
588.937988 3.666983e-003
589.054993 1.913746e-003
589.171936 7.284580e-004
589.288879 1.123554e-003
589.405823 8.766190e-004
589.522766 2.852098e-003
589.639771 1.765585e-003
589.756714 4.358402e-003
589.873718 4.259627e-003
589.990662 3.049646e-003
590.107666 1.123554e-003
590.224609 -2.098947e-004
590.341614 1.889052e-003
590.458557 3.666983e-003
590.575562 1.197634e-003
590.692566 2.432309e-003
590.809509 2.457002e-003
590.926514 1.000086e-003
591.043518 2.852098e-003
591.160522 3.543516e-003
591.277527 1.642117e-003
591.394531 4.815231e-004
591.511536 8.766190e-004
591.628540 2.703937e-003
591.745544 1.247021e-003
591.862549 4.630030e-003
591.979553 1.000086e-003
592.096558 1.716198e-003
592.213623 1.345795e-003
592.330627 2.284148e-003
592.447632 3.086686e-004
592.564697 3.691677e-003
592.681702 2.506390e-003
592.798767 3.691677e-003
592.915771 1.568037e-003
593.032837 1.691504e-003
593.149841 2.901485e-003
593.266907 9.025471e-003
593.383972 5.642463e-003
593.500977 1.197634e-003
593.618042 1.049473e-003
593.735107 3.197807e-003
593.852173 2.950872e-003
593.969238 2.629857e-003
594.086243 1.864359e-003
594.203308 1.074167e-003
594.320374 2.654550e-003
594.437439 2.333535e-003
594.554565 3.296581e-003
594.671631 1.176645e-002
594.788696 2.382922e-003
594.905762 1.568037e-003
595.022827 1.518650e-003
595.139954 3.197807e-003
595.257019 1.814972e-003
595.374084 1.518650e-003
595.491211 -1.605077e-004
595.608276 4.630030e-003
595.725403 1.568037e-003
595.842468 4.111466e-003
595.959595 6.173373e-005
596.076660 7.037645e-004
596.193787 4.506562e-003
596.310913 3.247194e-003
596.428040 1.419876e-003
596.545105 3.345968e-003
596.662231 4.234934e-003
596.779358 4.568296e-004
596.896484 1.493956e-003
597.013611 2.382922e-003
597.130737 4.901658e-003
597.247864 1.172941e-003
597.364990 1.642117e-003
597.482117 3.913919e-003
597.599243 1.197634e-003
597.716370 1.518650e-003
597.833557 3.765757e-003
597.950684 2.284148e-003
598.067810 2.037213e-003
598.184998 2.852098e-003
598.302124 1.716198e-003
598.419250 6.309187e-003
598.536438 -5.802971e-004
598.653564 2.358228e-003
598.770752 1.469263e-003
598.887939 1.000086e-003
599.005066 8.025385e-004
599.122253 -7.531515e-004
599.239441 3.345968e-003
599.356567 2.259454e-003
599.473755 1.419876e-003
599.590942 3.333621e-004
599.708130 4.111466e-003
599.825317 1.197634e-003
599.942505 4.531256e-003
600.059692 8.025385e-004
600.176880 2.506390e-003
600.294067 9.013125e-004
600.411255 6.790710e-004
600.528442 2.975566e-003
600.645691 1.839665e-003
600.762878 2.506390e-003
600.880066 2.839752e-004
600.997253 1.370489e-003
601.114502 1.839665e-003
601.231689 1.419876e-003
601.348938 2.185374e-003
601.466125 4.481869e-003
601.583374 1.666811e-003
601.700562 3.247194e-003
601.817810 4.827578e-003
601.935059 5.074513e-003
602.052246 4.136160e-003
602.169495 4.457175e-003
602.286743 2.901485e-003
602.403992 6.235107e-003
602.521179 2.481696e-003
602.638428 3.864531e-003
602.755676 3.790451e-003
602.872925 5.062166e-004
602.990173 3.827491e-004
603.107422 4.852271e-003
603.224670 1.345795e-003
603.341980 8.766190e-004
603.459229 3.518823e-003
603.576477 3.963306e-003
603.693726 1.889052e-003
603.810974 3.321275e-003
603.928284 1.197634e-003
604.045532 1.864359e-003
604.162842 1.852012e-004
604.280090 3.024953e-003
604.397400 3.049646e-003
604.514648 1.839665e-003
604.631958 6.049906e-004
604.749207 2.555776e-003
604.866516 2.827405e-003
604.983826 4.037386e-003
605.101074 1.716198e-003
605.218384 9.013125e-004
605.335693 4.506562e-003
605.453003 2.284148e-003
605.570313 6.790710e-004
605.687622 3.666983e-003
605.804932 2.308842e-003
605.922241 3.592903e-003
606.039551 1.247021e-003
606.156860 3.666983e-003
606.274170 8.272320e-004
606.391479 3.099033e-003
606.508789 -1.123554e-003
606.626160 2.629857e-003
606.743469 1.197634e-003
606.860779 4.852271e-003
606.978149 6.173373e-005
607.095459 -2.592817e-004
607.212830 2.259454e-003
607.330139 2.061907e-003
607.447510 4.802884e-003
607.564819 2.975566e-003
607.682190 3.148420e-003
607.799500 4.457175e-003
607.916870 3.716371e-003
608.034241 1.938439e-003
608.151611 2.975566e-003
608.268921 1.098860e-003
608.386292 1.111207e-004
608.503662 1.148247e-003
608.621033 2.407616e-003
608.738403 2.234761e-003
608.855774 2.358228e-003
608.973145 2.358228e-003
609.090515 4.605336e-003
609.207886 3.333621e-004
609.325256 3.148420e-003
609.442688 3.889225e-003
609.560059 3.148420e-003
609.677429 2.629857e-003
609.794861 3.444742e-003
609.912231 1.123554e-003
610.029602 1.271715e-003
610.147034 3.321275e-003
610.264404 4.827578e-003
610.381836 2.605163e-003
610.499207 -5.062166e-004
610.616638 4.160854e-003
610.734009 2.358228e-003
610.851440 2.259454e-003
610.968872 3.197807e-003
611.086304 1.716198e-003
611.203674 4.358402e-003
611.321106 9.013125e-004
611.438538 2.135987e-003
611.555969 1.234675e-005
611.673401 2.185374e-003
611.790833 1.790278e-003
611.908264 1.247021e-003
612.025696 2.358228e-003
612.143127 3.000259e-003
612.260559 1.024780e-003
612.377991 4.407788e-003
612.495483 -2.839752e-004
612.612915 3.296581e-003
612.730347 5.000432e-003
612.847839 2.654550e-003
612.965271 -1.111207e-004
613.082703 1.518650e-003
613.200195 1.740891e-003
613.317627 4.679417e-003
613.435120 8.025385e-004
613.552551 3.247194e-003
613.670044 9.506994e-004
613.787537 1.716198e-003
613.904968 -4.074426e-004
614.022461 4.975738e-003
614.139954 1.889052e-003
614.257446 4.037386e-003
614.374878 -1.321102e-003
614.492371 5.370834e-003
614.609863 3.790451e-003
614.727356 4.074426e-004
614.844849 7.037645e-004
614.962341 2.778018e-003
615.079834 2.654550e-003
615.197327 3.580556e-004
615.314880 2.629857e-003
615.432373 1.024780e-003
615.549866 3.642290e-003
615.667358 1.568037e-003
615.784912 2.259454e-003
615.902405 3.123727e-003
616.019897 3.222501e-003
616.137451 5.000432e-003
616.254944 5.062166e-004
616.372498 3.963306e-003
616.489990 1.222328e-003
616.607544 1.889052e-003
616.725037 1.938439e-003
616.842590 4.506562e-003
616.960144 1.938439e-003
617.077637 2.259454e-003
617.195190 1.049473e-003
617.312744 5.197980e-003
617.430298 1.691504e-003
617.547852 5.123900e-003
617.665405 8.272320e-004
617.782959 3.666983e-003
617.900513 2.210068e-003
618.018066 2.284148e-003
618.135620 1.592730e-003
618.253174 1.172941e-003
618.370728 2.827405e-003
618.488281 4.358402e-003
618.605835 1.666811e-003
618.723450 4.259627e-003
618.841003 3.543516e-003
618.958557 1.395182e-003
619.076172 -3.704024e-005
619.193726 -1.111207e-004
619.311279 -8.025385e-004
619.428894 3.099033e-003
619.546448 9.753929e-004
619.664063 2.827405e-003
619.781677 5.716543e-003
619.899231 3.148420e-003
620.016846 3.827491e-004
620.134460 3.099033e-003
620.252014 5.000432e-003
620.369629 2.259454e-003
620.487244 1.716198e-003
620.604858 4.704110e-003
620.722473 9.506994e-004
620.840088 2.481696e-003
620.957703 2.333535e-003
621.075317 3.666983e-003
621.192932 -2.592817e-004
621.310547 5.000432e-003
621.428162 2.839752e-004
621.545776 2.654550e-003
621.663391 2.358228e-003
621.781067 2.111294e-003
621.898682 3.148420e-003
622.016296 3.469436e-003
622.133911 -3.580556e-004
622.251587 -3.704024e-005
622.369202 6.049906e-004
622.486877 2.432309e-003
622.604492 9.013125e-004
622.722168 2.284148e-003
622.839783 2.098947e-004
622.957458 4.580643e-003
623.075134 6.790710e-004
623.192749 2.481696e-003
623.310425 -2.098947e-004
623.428101 2.753324e-003
623.545776 2.654550e-003
623.663391 3.518823e-003
623.781067 2.185374e-003
623.898743 3.099033e-003
624.016418 1.716198e-003
624.134094 3.395355e-003
624.251770 5.556036e-004
624.369446 3.296581e-003
624.487122 2.358228e-003
624.604858 2.679244e-003
624.722534 -1.617424e-003
624.840210 1.617424e-003
624.957886 1.889052e-003
625.075562 3.173114e-003
625.193298 9.506994e-004
625.310974 2.086600e-003
625.428711 7.778450e-004
625.546387 1.296408e-003
625.664063 2.629857e-003
625.781799 3.617597e-003
625.899536 1.321102e-003
626.017212 2.950872e-003
626.134949 2.506390e-003
626.252625 4.555949e-003
626.370361 1.814972e-003
626.488098 4.210240e-003
626.605835 -1.074167e-003
626.723511 1.814972e-003
626.841248 3.395355e-003
626.958984 2.555776e-003
627.076721 1.321102e-003
627.194458 2.345882e-004
627.312195 3.469436e-003
627.429932 3.580556e-004
627.547668 1.123554e-003
627.665405 6.012865e-003
627.783142 3.000259e-003
627.900879 1.518650e-003
628.018677 4.284321e-003
628.136414 4.333708e-003
628.254150 -7.778450e-004
628.371887 2.852098e-003
628.489685 -4.568296e-004
628.607422 1.197634e-003
628.725220 4.321361e-004
628.842957 3.741064e-003
628.960754 2.308842e-003
629.078491 3.099033e-003
629.196289 3.815145e-003
629.314026 2.703937e-003
629.431824 2.839752e-004
629.549622 2.827405e-003
629.667358 1.148247e-003
629.785156 2.160680e-003
629.902954 1.074167e-003
630.020752 1.568037e-003
630.138550 6.173373e-005
630.256348 2.950872e-003
630.374146 2.135987e-003
630.491943 4.802884e-003
630.609741 1.271715e-003
630.727539 3.642290e-003
630.845337 1.370489e-003
630.963135 5.667157e-003
631.080933 1.691504e-003
631.198730 1.987826e-003
631.316528 1.691504e-003
631.434387 3.173114e-003
631.552185 2.580470e-003
631.669983 3.099033e-003
631.787842 3.741064e-003
631.905640 1.222328e-003
632.023499 1.345795e-003
632.141296 -8.272320e-004
632.259155 1.222328e-003
632.376953 4.111466e-003
632.494812 -8.766190e-004
632.612610 1.938439e-003
632.730469 2.605163e-003
632.848328 2.086600e-003
632.966125 3.197807e-003
633.083984 2.852098e-003
633.201843 2.012520e-003
633.319702 5.123900e-003
633.437561 2.333535e-003
633.555420 1.963133e-003
633.673279 1.247021e-003
633.791138 3.642290e-003
633.908997 5.469609e-003
634.026855 2.358228e-003
634.144714 4.086773e-003
634.262573 2.457002e-003
634.380432 1.740891e-003
634.498291 2.876792e-003
634.616211 2.061907e-003
634.734070 6.790710e-004
634.851929 3.271888e-003
634.969788 5.049819e-003
635.087708 4.580643e-003
635.205566 3.333621e-004
635.323486 2.432309e-003
635.441345 3.247194e-003
635.559265 1.518650e-003
635.677124 5.049819e-003
635.795044 9.741583e-003
635.912964 9.039053e-002
636.030823 2.296865e-001
636.148743 2.390700e-001
636.266663 1.843987e-001
636.384521 1.342462e-001
636.502441 8.315533e-002
636.620361 5.055993e-002
636.738281 2.769375e-002
636.856201 2.016224e-002
636.974121 9.889743e-003
637.092041 8.976084e-003
637.209961 7.864878e-003
637.327881 6.901831e-003
637.445801 6.161026e-003
637.563721 5.938785e-003
637.681641 6.185720e-003
637.799622 1.716198e-003
637.917542 2.555776e-003
638.035461 4.234934e-003
638.153381 4.802884e-003
638.271362 4.432482e-003
638.389282 2.901485e-003
638.507263 2.333535e-003
638.625183 4.185547e-003
638.743103 1.518650e-003
638.861084 1.345795e-003
638.979065 4.136160e-003
639.096985 1.765585e-003
639.214966 1.913746e-003
639.332886 -4.815231e-004
639.450867 3.173114e-003
639.568848 1.963133e-003
639.686829 3.173114e-003
639.804749 2.037213e-003
639.922729 1.370489e-003
640.040710 3.420049e-003
640.158691 3.074340e-003
640.276672 6.086946e-003
640.394653 1.642117e-003
640.512634 1.345795e-003
640.630615 3.642290e-003
640.748596 3.420049e-003
640.866577 3.296581e-003
640.984558 4.111466e-003
641.102600 1.765585e-003
641.220581 1.889052e-003
641.338562 3.691677e-003
641.456543 2.654550e-003
641.574585 6.790710e-004
641.692566 3.580556e-004
641.810547 1.000086e-003
641.928589 5.889398e-003
642.046570 2.555776e-003
642.164612 3.173114e-003
642.282593 2.135987e-003
642.400635 -6.543776e-004
642.518677 -2.592817e-004
642.636658 2.852098e-003
642.754700 -5.062166e-004
642.872742 2.506390e-003
642.990723 4.580643e-003
643.108765 4.358402e-003
643.226807 -1.642117e-003
643.344849 2.382922e-003
643.462891 -1.234675e-005
643.580933 3.469436e-003
643.698975 2.778018e-003
643.817017 6.790710e-004
643.935059 -6.543776e-004
644.053101 -4.074426e-004
644.171143 3.963306e-003
644.289185 3.839838e-003
644.407227 3.222501e-003
644.525269 1.913746e-003
644.643311 1.111207e-004
644.761414 2.629857e-003
644.879456 5.309101e-004
644.997498 3.938612e-003
645.115601 2.728631e-003
645.233643 2.679244e-003
645.351746 9.260059e-004
645.469788 2.555776e-003
645.587830 5.309101e-004
645.705933 1.271715e-003
645.824036 1.740891e-003
645.942078 1.889052e-003
646.060181 1.864359e-003
646.178284 2.333535e-003
646.296326 6.296841e-004
646.414429 3.173114e-003
646.532532 1.913746e-003
646.650635 1.518650e-003
646.768677 1.123554e-003
646.886780 2.061907e-003
647.004883 1.419876e-003
647.122986 3.148420e-003
647.241089 3.024953e-003
647.359192 4.728804e-003
647.477295 2.506390e-003
647.595398 1.395182e-003
647.713501 2.012520e-003
647.831665 4.568296e-004
647.949768 1.345795e-003
648.067871 4.160854e-003
648.185974 1.444569e-003
648.304138 3.987999e-003
648.422241 -1.222328e-003
648.540344 2.654550e-003
648.658508 6.790710e-004
648.776611 5.802971e-004
648.894775 7.284580e-004
649.012878 4.111466e-003
649.131042 3.049646e-003
649.249146 2.876792e-003
649.367310 5.802971e-004
649.485413 2.531083e-003
649.603577 1.271715e-003
649.721741 3.642290e-003
649.839844 5.556036e-004
649.958008 2.185374e-003
650.076172 8.642722e-005
650.194336 1.098860e-003
650.312500 1.839665e-003
650.430664 7.284580e-004
650.548767 2.333535e-003
650.666931 4.802884e-003
650.785095 -7.284580e-004
650.903259 2.086600e-003
651.021484 -1.234675e-005
651.139648 4.136160e-003
651.257813 2.061907e-003
651.375977 4.111466e-003
651.494141 5.222674e-003
651.612305 1.568037e-003
651.730530 6.543776e-004
651.848694 7.778450e-004
651.966858 2.259454e-003
652.085083 1.234675e-005
652.203247 1.000086e-003
652.321472 3.864531e-003
652.439636 1.864359e-003
652.557800 1.568037e-003
652.676025 6.296841e-004
652.794250 4.160854e-003
652.912415 2.901485e-003
653.030640 4.234934e-003
653.148804 4.630030e-003
653.267029 5.568382e-003
653.385254 1.814972e-003
653.503479 3.666983e-003
653.621704 2.703937e-003
653.739868 2.234761e-003
653.858093 3.568210e-003
653.976318 1.938439e-003
654.094543 1.864359e-003
654.212769 1.543343e-003
654.330994 1.444569e-003
654.449219 1.345795e-003
654.567444 9.013125e-004
654.685669 4.802884e-003
654.803894 7.531515e-004
654.922180 2.975566e-003
655.040405 4.111466e-003
655.158630 -3.580556e-004
655.276855 2.778018e-003
655.395142 1.790278e-003
655.513367 3.395355e-003
655.631592 -4.568296e-004
655.749878 5.309101e-004
655.868103 2.259454e-003
655.986389 1.814972e-003
656.104614 6.161026e-003
656.222900 9.618116e-003
656.341125 8.531601e-003
656.459412 8.729150e-003
656.577637 1.000086e-003
656.695923 2.753324e-003
656.814209 3.321275e-003
656.932434 2.481696e-003
657.050720 7.692023e-003
657.169006 3.642290e-003
657.287292 2.086600e-003
657.405579 2.802711e-003
657.523865 3.469436e-003
657.642090 2.592817e-004
657.760376 1.296408e-003
657.878662 1.568037e-003
657.996948 6.728976e-003
658.115234 2.703937e-003
658.233582 6.049906e-004
658.351868 5.568382e-003
658.470154 4.086773e-003
658.588440 1.024780e-003
658.706726 4.086773e-003
658.825012 3.666983e-003
658.943359 1.123554e-003
659.061646 1.148247e-003
659.179932 5.691850e-003
659.298279 4.358402e-003
659.416565 4.185547e-003
659.534912 3.716371e-003
659.653198 1.543343e-003
659.771545 -7.037645e-004
659.889832 8.766190e-004
660.008179 7.284580e-004
660.126465 6.951218e-003
660.244812 1.756942e-002
660.363159 2.408850e-002
660.481445 1.843369e-002
660.599792 1.697678e-002
660.718140 9.790970e-003
660.836487 8.655069e-003
660.954834 5.444915e-003
661.073120 2.259454e-003
661.191467 1.765585e-003
661.309814 4.062079e-003
661.428162 1.938439e-003
661.546509 3.395355e-003
661.664856 -6.049906e-004
661.783203 2.852098e-003
661.901550 9.260059e-004
662.019897 1.592730e-003
662.138306 2.333535e-003
662.256653 5.247367e-003
662.375000 2.506390e-003
662.493347 -5.556036e-004
662.611755 8.642722e-005
662.730103 5.765930e-003
662.848450 1.852012e-004
662.966858 3.827491e-004
663.085205 4.568296e-004
663.203552 4.481869e-003
663.321960 -2.098947e-004
663.440308 7.778450e-004
663.558716 5.025126e-003
663.677124 2.160680e-003
663.795471 1.148247e-003
663.913879 3.222501e-003
664.032227 2.605163e-003
664.150635 3.815145e-003
664.269043 -3.333621e-004
664.387451 3.469436e-003
664.505798 1.666811e-003
664.624207 2.407616e-003
664.742615 4.136160e-003
664.861023 3.864531e-003
664.979431 6.049906e-004
665.097839 1.074167e-003
665.216248 1.172941e-003
665.334656 2.210068e-003
665.453064 2.160680e-003
665.571472 1.148247e-003
665.689880 7.531515e-004
665.808289 4.901658e-003
665.926697 1.419876e-003
666.045166 1.666811e-003
666.163574 1.345795e-003
666.281982 5.802971e-004
666.400391 1.123554e-003
666.518860 1.543343e-003
666.637268 1.271715e-003
666.755676 -1.605077e-004
666.874146 3.086686e-004
666.992554 6.235107e-003
667.111023 3.086686e-004
667.229431 3.790451e-003
667.347900 4.185547e-003
667.466370 1.839665e-003
667.584778 2.012520e-003
667.703247 -1.049473e-003
667.821655 2.481696e-003
667.940125 3.247194e-003
668.058594 3.222501e-003
668.177063 2.531083e-003
668.295471 3.321275e-003
668.413940 1.395182e-003
668.532410 3.568210e-003
668.650879 1.776697e-002
668.769348 2.771845e-002
668.887817 2.707641e-002
669.006287 2.134752e-002
669.124756 1.359377e-002
669.243225 1.354438e-002
669.361694 4.284321e-003
669.480164 5.321448e-003
669.598633 2.827405e-003
669.717102 2.061907e-003
669.835632 4.975738e-003
669.954102 1.963133e-003
670.072571 -1.234675e-005
670.191040 4.432482e-003
670.309570 7.778450e-004
670.428040 4.679417e-003
670.546570 4.975738e-003
670.665039 3.741064e-003
670.783508 1.987826e-003
670.902039 5.049819e-003
671.020508 1.444569e-003
671.139038 2.382922e-003
671.257568 4.568296e-004
671.376038 9.013125e-004
671.494568 1.172941e-003
671.613037 2.531083e-003
671.731567 1.839665e-003
671.850098 1.913746e-003
671.968628 5.346141e-003
672.087097 3.197807e-003
672.205627 4.037386e-003
672.324158 2.432309e-003
672.442688 -1.321102e-003
672.561218 1.987826e-003
672.679749 1.963133e-003
672.798279 3.494129e-003
672.916809 3.000259e-003
673.035339 -8.642722e-005
673.153870 1.691504e-003
673.272400 2.061907e-003
673.390930 3.333621e-004
673.509460 2.926179e-003
673.628052 3.395355e-003
673.746582 1.666811e-003
673.865112 2.308842e-003
673.983643 4.185547e-003
674.102234 4.568296e-004
674.220764 5.148593e-003
674.339294 1.444569e-003
674.457886 3.741064e-003
674.576416 1.568037e-003
674.695007 4.074426e-004
674.813538 2.802711e-003
674.932129 3.568210e-003
675.050659 1.172941e-003
675.169250 2.259454e-003
675.287781 2.876792e-003
675.406372 1.568037e-003
675.524963 1.839665e-003
675.643494 1.790278e-003
675.762085 1.592730e-003
675.880676 1.419876e-003
675.999268 -1.444569e-003
676.117859 3.000259e-003
676.236389 6.901831e-003
676.354980 2.605163e-003
676.473572 3.000259e-003
676.592163 1.568037e-003
676.710754 1.419876e-003
676.829346 2.185374e-003
676.947937 3.395355e-003
677.066528 1.864359e-003
677.185120 1.691504e-003
677.303711 2.135987e-003
677.422363 6.543776e-004
677.540955 4.062079e-003
677.659546 2.012520e-003
677.778137 2.654550e-003
677.896790 4.704110e-003
678.015381 3.049646e-003
678.133972 2.135987e-003
678.252625 6.284494e-003
678.371216 -5.062166e-004
678.489807 2.382922e-003
678.608459 3.827491e-004
678.727051 3.148420e-003
678.845703 -9.506994e-004
678.964294 3.864531e-003
679.082947 4.679417e-003
679.201599 3.889225e-003
679.320190 -1.469263e-003
679.438843 1.469263e-003
679.557495 3.222501e-003
679.676086 1.172941e-003
679.794739 9.506994e-004
679.913391 1.864359e-003
680.032043 2.284148e-003
680.150696 7.272233e-003
680.269287 -3.086686e-004
680.387939 3.123727e-003
680.506592 2.506390e-003
680.625244 4.383095e-003
680.743896 1.222328e-003
680.862549 -2.839752e-004
680.981201 1.605077e-004
681.099854 1.617424e-003
681.218506 2.061907e-003
681.337219 2.135987e-003
681.455872 4.630030e-003
681.574524 2.679244e-003
681.693176 1.098860e-003
681.811829 1.222328e-003
681.930542 3.173114e-003
682.049194 4.074426e-004
682.167847 2.506390e-003
682.286560 -1.605077e-004
682.405212 1.790278e-003
682.523926 1.197634e-003
682.642578 2.605163e-003
682.761292 3.333621e-004
682.879944 3.345968e-003
682.998657 2.802711e-003
683.117310 1.074167e-003
683.236023 3.827491e-004
683.354675 7.284580e-004
683.473389 2.308842e-003
683.592102 5.802971e-004
683.710815 1.889052e-003
683.829468 -8.642722e-005
683.948181 1.444569e-003
684.066895 9.013125e-004
684.185608 1.740891e-003
684.304321 6.296841e-004
684.423035 4.358402e-003
684.541687 4.531256e-003
684.660400 1.419876e-003
684.779114 9.753929e-004
684.897827 2.098947e-004
685.016541 1.518650e-003
685.135315 5.173286e-003
685.254028 6.296841e-004
685.372742 2.234761e-003
685.491455 2.654550e-003
685.610168 2.358228e-003
685.728882 3.247194e-003
685.847656 1.395182e-003
685.966370 1.814972e-003
686.085083 8.272320e-004
686.203796 2.210068e-003
686.322571 2.679244e-003
686.441284 1.296408e-003
686.560059 4.852271e-003
686.678772 2.901485e-003
686.797546 3.049646e-003
686.916260 3.642290e-003
687.035034 3.444742e-003
687.153748 3.370662e-003
687.272522 -1.605077e-004
687.391235 -6.296841e-004
687.510010 1.148247e-003
687.628784 2.654550e-003
687.747498 3.666983e-003
687.866272 1.345795e-003
687.985046 2.654550e-003
688.103821 2.950872e-003
688.222595 2.086600e-003
688.341309 5.938785e-003
688.460083 2.160680e-003
688.578857 3.741064e-003
688.697632 4.074426e-004
688.816406 -4.321361e-004
688.935181 2.345882e-004
689.053955 1.172941e-003
689.172729 4.259627e-003
689.291504 4.802884e-003
689.410278 2.407616e-003
689.529053 1.666811e-003
689.647888 2.160680e-003
689.766663 3.827491e-004
689.885437 3.345968e-003
690.004211 1.345795e-003
690.123047 1.271715e-003
690.241821 1.814972e-003
690.360596 2.629857e-003
690.479431 2.629857e-003
690.598206 2.160680e-003
690.716980 7.284580e-004
690.835815 2.012520e-003
690.954590 1.691504e-003
691.073425 1.000086e-003
691.192200 4.432482e-003
691.311035 4.654723e-003
691.429810 1.271715e-003
691.548645 5.864704e-003
691.667480 2.728631e-003
691.786255 -3.580556e-004
691.905090 7.037645e-004
692.023926 2.111294e-003
692.142761 1.296408e-003
692.261536 3.345968e-003
692.380371 2.432309e-003
692.499207 3.148420e-003
692.618042 2.605163e-003
692.736877 9.506994e-004
692.855713 1.493956e-003
692.974548 4.531256e-003
693.093384 -6.296841e-004
693.212219 2.086600e-003
693.331055 1.889052e-003
693.449890 4.259627e-003
693.568726 4.778191e-003
693.687561 6.901831e-003
693.806396 2.308842e-003
693.925232 3.049646e-003
694.044067 1.296408e-003
694.162964 6.049906e-004
694.281799 2.852098e-003
694.400635 7.531515e-004
694.519470 -5.309101e-004
694.638367 1.568037e-003
694.757202 1.568037e-003
694.876099 3.716371e-003
694.994934 1.790278e-003
695.113770 1.642117e-003
695.232666 2.839752e-004
695.351501 5.815317e-003
695.470398 5.802971e-004
695.589294 3.000259e-003
695.708130 6.790710e-004
695.827026 2.506390e-003
695.945862 3.074340e-003
696.064758 1.000086e-003
696.183655 1.370489e-003
696.302490 2.358228e-003
696.421387 1.469263e-003
696.540283 3.827491e-004
696.659180 1.271715e-003
696.778076 3.592903e-003
696.896912 1.765585e-003
697.015808 1.814972e-003
697.134705 2.605163e-003
697.253601 -9.506994e-004
697.372498 1.592730e-003
697.491394 4.481869e-003
697.610291 1.222328e-003
697.729187 2.061907e-003
697.848083 1.864359e-003
697.966980 1.987826e-003
698.085938 2.852098e-003
698.204834 3.420049e-003
698.323730 -1.222328e-003
698.442627 1.568037e-003
698.561523 5.802971e-004
698.680481 2.382922e-003
698.799377 -1.938439e-003
698.918274 3.592903e-003
699.037231 1.592730e-003
699.156128 -8.642722e-005
699.275024 2.457002e-003
699.393982 1.839665e-003
699.512878 9.260059e-004
699.631836 1.444569e-003
699.750732 3.716371e-003
699.869690 2.358228e-003
699.988586 1.098860e-003
700.107544 1.395182e-003
700.226501 2.926179e-003
700.345398 2.605163e-003
700.464355 1.642117e-003
700.583313 -1.444569e-003
700.702209 2.703937e-003
700.821167 1.000086e-003
700.940125 1.395182e-003
701.059082 4.580643e-003
701.178040 1.740891e-003
701.296936 1.839665e-003
701.415894 1.074167e-003
701.534851 1.370489e-003
701.653809 -3.086686e-004
701.772766 2.358228e-003
701.891724 2.358228e-003
702.010681 9.753929e-004
702.129639 1.302582e-002
702.248596 1.493956e-003
702.367554 2.308842e-003
702.486572 2.531083e-003
702.605530 4.185547e-003
702.724487 6.049906e-004
702.843445 3.370662e-003
702.962402 3.494129e-003
703.081421 3.580556e-004
703.200378 2.839752e-004
703.319336 1.000086e-003
703.438354 3.963306e-003
703.557312 5.864704e-003
703.676270 1.358142e-004
703.795288 4.728804e-003
703.914246 3.704024e-005
704.033264 1.617424e-003
704.152222 2.457002e-003
704.271240 2.308842e-003
704.390198 -3.086686e-004
704.509216 3.568210e-003
704.628174 8.272320e-004
704.747192 3.691677e-003
704.866211 1.568037e-003
704.985168 2.555776e-003
705.104187 1.148247e-003
705.223206 4.815231e-004
705.342224 1.543343e-003
705.461182 -5.309101e-004
705.580200 1.864359e-003
705.699219 2.037213e-003
705.818237 2.037213e-003
705.937256 1.889052e-003
706.056274 3.592903e-003
706.175293 8.766190e-004
706.294312 -2.592817e-004
706.413330 1.024780e-003
706.532349 1.716198e-003
706.651367 4.815231e-004
706.770386 4.086773e-003
706.889404 4.605336e-003
707.008423 1.987826e-003
707.127441 1.493956e-003
707.246460 2.345882e-004
707.365540 1.419876e-003
707.484558 1.740891e-003
707.603577 -5.802971e-004
707.722595 2.753324e-003
707.841675 3.333621e-004
707.960693 4.062079e-003
708.079712 7.037645e-004
708.198792 2.407616e-003
708.317810 1.370489e-003
708.436890 -1.518650e-003
708.555908 5.420221e-003
708.674988 1.098860e-003
708.794006 1.592730e-003
708.913086 3.123727e-003
709.032104 3.568210e-003
709.151184 -1.111207e-004
709.270203 2.308842e-003
709.389282 2.839752e-004
709.508362 7.284580e-004
709.627380 3.790451e-003
709.746460 3.099033e-003
709.865540 4.753497e-003
709.984619 1.716198e-003
710.103638 4.802884e-003
710.222717 4.580643e-003
710.341797 5.062166e-004
710.460876 3.123727e-003
710.579956 1.839665e-003
710.699036 2.407616e-003
710.818115 1.271715e-003
710.937195 3.790451e-003
711.056274 2.333535e-003
711.175354 6.296841e-004
711.294434 -3.086686e-004
711.413513 2.481696e-003
711.532593 2.382922e-003
711.651672 2.259454e-003
711.770752 1.172941e-003
711.889832 2.308842e-003
712.008972 1.666811e-003
712.128052 3.642290e-003
712.247131 3.333621e-004
712.366211 2.012520e-003
712.485352 2.827405e-003
712.604431 2.345882e-004
712.723511 2.432309e-003
712.842651 5.617769e-003
712.961731 1.913746e-003
713.080872 2.605163e-003
713.199951 1.444569e-003
713.319092 2.950872e-003
713.438171 3.642290e-003
713.557312 3.247194e-003
713.676392 3.321275e-003
713.795532 7.037645e-004
713.914612 2.432309e-003
714.033752 6.790710e-004
714.152893 1.864359e-003
714.271973 3.099033e-003
714.391113 3.024953e-003
714.510254 -2.592817e-004
714.629395 1.987826e-003
714.748474 2.950872e-003
714.867615 1.716198e-003
714.986755 2.778018e-003
715.105896 -5.309101e-004
715.225037 4.234934e-003
715.344177 1.839665e-003
715.463318 3.666983e-003
715.582397 8.519255e-004
715.701538 2.950872e-003
715.820679 1.716198e-003
715.939880 2.580470e-003
716.059021 3.148420e-003
716.178162 5.568382e-003
716.297302 2.531083e-003
716.416443 3.790451e-003
716.535583 2.098947e-004
716.654724 -1.395182e-003
716.773865 2.802711e-003
716.893066 2.753324e-003
717.012207 -1.605077e-004
717.131348 3.938612e-003
717.250488 5.556036e-004
717.369690 1.852012e-004
717.488831 2.457002e-003
717.608032 9.506994e-004
717.727173 -1.074167e-003
717.846313 3.963306e-003
717.965515 3.617597e-003
718.084656 2.901485e-003
718.203857 2.135987e-003
718.322998 2.086600e-003
718.442200 3.691677e-003
718.561340 2.284148e-003
718.680542 2.345882e-004
718.799744 1.098860e-003
718.918884 4.358402e-003
719.038086 8.025385e-004
719.157288 2.284148e-003
719.276428 9.260059e-004
719.395630 3.444742e-003
719.514832 1.395182e-003
719.634033 2.926179e-003
719.753235 4.321361e-004
719.872375 -1.247021e-003
719.991577 1.197634e-003
720.110779 2.555776e-003
720.229980 3.000259e-003
720.349182 1.790278e-003
720.468384 1.913746e-003
720.587585 4.309014e-003
720.706787 2.531083e-003
720.825989 -1.296408e-003
720.945190 2.555776e-003
721.064392 3.123727e-003
721.183594 3.296581e-003
721.302795 -3.827491e-004
721.421997 5.099206e-003
721.541260 6.173373e-005
721.660461 1.148247e-003
721.779663 1.049473e-003
721.898865 3.099033e-003
722.018127 6.049906e-004
722.137329 4.185547e-003
722.256531 3.518823e-003
722.375793 3.790451e-003
722.494995 2.382922e-003
722.614197 2.457002e-003
722.733459 1.765585e-003
722.852661 2.185374e-003
722.971924 1.345795e-003
723.091125 1.963133e-003
723.210388 3.197807e-003
723.329590 3.271888e-003
723.448853 3.642290e-003
723.568054 6.296841e-004
723.687317 1.469263e-003
723.806580 2.061907e-003
723.925781 2.407616e-003
724.045044 4.555949e-003
724.164307 4.815231e-004
724.283508 7.284580e-004
724.402771 1.543343e-003
724.522034 2.753324e-003
724.641296 1.543343e-003
724.760498 3.148420e-003
724.879761 1.049473e-003
724.999023 2.333535e-003
725.118286 -4.568296e-004
725.237549 3.222501e-003
725.356812 2.703937e-003
725.476074 2.457002e-003
725.595337 1.592730e-003
725.714600 2.654550e-003
725.833862 1.740891e-003
725.953125 1.987826e-003
726.072388 4.630030e-003
726.191650 1.271715e-003
726.310913 3.580556e-004
726.430176 4.062079e-003
726.549500 9.013125e-004
726.668762 3.222501e-003
726.788025 4.457175e-003
726.907288 2.852098e-003
727.026611 9.506994e-004
727.145874 2.358228e-003
727.265137 4.185547e-003
727.384399 1.049473e-003
727.503723 1.617424e-003
727.622986 4.259627e-003
727.742310 2.592817e-004
727.861572 4.321361e-004
727.980896 8.025385e-004
728.100159 7.037645e-004
728.219421 6.543776e-004
728.338745 3.395355e-003
728.458069 2.407616e-003
728.577332 3.741064e-003
728.696655 -9.260059e-004
728.815918 3.024953e-003
728.935242 1.666811e-003
729.054565 1.568037e-003
729.173828 1.716198e-003
729.293152 2.037213e-003
729.412476 2.259454e-003
729.531738 3.568210e-003
729.651062 1.172941e-003
729.770386 3.197807e-003
729.889709 2.160680e-003
730.009033 8.519255e-004
730.128357 8.519255e-004
730.247620 3.741064e-003
730.366943 9.753929e-004
730.486267 3.123727e-003
730.605591 1.098860e-003
730.724915 9.506994e-004
730.844238 2.852098e-003
730.963562 1.419876e-003
731.082886 -2.098947e-004
731.202209 5.222674e-003
731.321594 1.234675e-005
731.440918 -6.173373e-005
731.560242 3.987999e-003
731.679565 5.802971e-004
731.798889 3.568210e-003
731.918213 -4.074426e-004
732.037598 2.333535e-003
732.156921 2.926179e-003
732.276245 2.259454e-003
732.395569 6.296841e-004
732.514954 2.160680e-003
732.634277 4.136160e-003
732.753601 2.728631e-003
732.872986 4.926352e-003
732.992310 3.247194e-003
733.111694 3.716371e-003
733.231018 1.592730e-003
733.350403 4.432482e-003
733.469727 2.975566e-003
733.589111 4.321361e-004
733.708435 3.247194e-003
733.827820 1.049473e-003
733.947144 -1.197634e-003
734.066528 3.024953e-003
734.185913 3.469436e-003
734.305237 3.123727e-003
734.424622 3.963306e-003
734.544006 8.025385e-004
734.663330 2.160680e-003
734.782715 3.704024e-005
734.902100 6.049906e-004
735.021484 3.790451e-003
735.140808 5.321448e-003
735.260193 -7.778450e-004
735.379578 2.753324e-003
735.498962 1.642117e-003
735.618347 7.037645e-004
735.737732 3.889225e-003
735.857117 2.506390e-003
735.976501 9.753929e-004
736.095886 1.765585e-003
736.215271 1.666811e-003
736.334656 3.345968e-003
736.454041 1.234675e-005
736.573425 1.617424e-003
736.692810 1.123554e-003
736.812195 1.049473e-003
736.931580 1.518650e-003
737.050964 5.062166e-004
737.170410 1.000086e-003
737.289795 2.926179e-003
737.409180 4.815231e-004
737.528564 1.814972e-003
737.648010 -2.098947e-004
737.767395 -1.111207e-004
737.886780 -9.753929e-004
738.006165 4.815231e-004
738.125610 1.716198e-003
738.244995 1.963133e-003
738.364441 2.345882e-004
738.483826 3.197807e-003
738.603271 2.876792e-003
738.722656 3.296581e-003
738.842041 3.987999e-003
738.961487 2.086600e-003
739.080933 1.395182e-003
739.200317 3.086686e-004
739.319763 2.506390e-003
739.439148 1.234675e-005
739.558594 2.555776e-003
739.678040 5.173286e-003
739.797424 -6.630203e-003
739.916870 -6.333881e-003
740.036316 -6.580816e-003
740.155701 -4.704110e-003
740.275146 -5.321448e-003
740.394592 -6.679589e-003