"Date:20221028 Time:13321042 Average:1 IntegrTime:1.000000 Instrum:CCS100"
XY 3648
321.491425 1.492650e-002
321.599548 4.262309e-003
321.707672 1.603841e-002
321.815796 -3.040896e-003
321.923920 2.392284e-003
322.032043 1.128754e-003
322.140198 1.073158e-002
322.248322 -3.217791e-003
322.356476 1.143916e-002
322.464630 4.312850e-003
322.572784 1.879291e-002
322.680939 7.218970e-003
322.789124 5.879628e-003
322.897278 4.818262e-003
323.005463 9.670218e-003
323.113647 5.399486e-003
323.221832 1.684707e-003
323.330017 9.518595e-003
323.438232 7.977088e-003
323.546417 1.709978e-003
323.654633 4.312850e-003
323.762848 2.468096e-003
323.871063 8.709935e-003
323.979279 1.500232e-002
324.087494 8.886830e-003
324.195740 1.222255e-002
324.303955 3.630544e-003
324.412201 1.752938e-002
324.520447 1.212147e-002
324.628693 5.070968e-003
324.736969 1.684707e-003
324.845215 1.204566e-002
324.953491 5.222592e-003
325.061737 1.146443e-002
325.170013 1.525502e-002
325.278290 1.194457e-002
325.386597 1.682180e-002
325.494873 1.684707e-005
325.603180 6.258687e-003
325.711456 7.876006e-003
325.819763 1.399149e-002
325.928070 6.764099e-003
326.036407 4.110685e-003
326.144714 1.823695e-002
326.253021 8.760476e-003
326.361359 7.547488e-003
326.469696 1.621531e-002
326.578033 1.037780e-002
326.686371 6.587205e-003
326.794708 9.468053e-003
326.903076 4.338121e-003
327.011444 6.107063e-003
327.119781 1.371352e-002
327.228149 2.973508e-003
327.336517 1.684707e-003
327.444916 1.712505e-002
327.553284 1.962684e-003
327.661682 1.237417e-002
327.770081 8.078170e-003
327.878448 2.033442e-002
327.986877 7.016805e-003
328.095276 -3.470497e-003
328.203674 9.316430e-003
328.312103 9.265888e-003
328.420502 2.190119e-003
328.528931 1.735248e-003
328.637360 -5.138357e-003
328.745789 1.202038e-002
328.854248 4.944615e-003
328.962677 6.663017e-003
329.071136 3.959062e-003
329.179596 3.984332e-003
329.288055 -4.127532e-003
329.396515 8.634124e-003
329.504974 1.462326e-002
329.613464 9.366971e-003
329.721924 1.052942e-002
329.830414 7.117887e-003
329.938904 5.070968e-003
330.047394 4.489745e-003
330.155884 -1.979531e-003
330.264404 4.691909e-003
330.372894 1.702397e-002
330.481415 6.915723e-003
330.589935 4.616098e-003
330.698456 8.153982e-003
330.806976 1.022617e-002
330.915497 1.366297e-002
331.024048 9.619677e-003
331.132568 4.262309e-003
331.241119 6.511393e-003
331.349670 8.330876e-003
331.458221 1.439582e-002
331.566803 5.525839e-003
331.675354 9.543866e-003
331.783936 1.366297e-002
331.892487 7.699111e-003
332.001068 6.764099e-003
332.109650 1.166660e-002
332.218262 6.410311e-003
332.326843 5.626922e-003
332.435455 8.558311e-003
332.544037 1.237417e-002
332.652649 6.511393e-003
332.761261 4.110685e-003
332.869873 1.121173e-002
332.978516 6.233416e-003
333.087128 4.767721e-003
333.195770 9.442783e-003
333.304413 -3.900097e-003
333.413055 3.807438e-003
333.521698 -5.517416e-003
333.630341 7.876006e-003
333.738983 5.273133e-003
333.847656 5.323675e-003
333.956329 7.395864e-003
334.065002 1.156551e-002
334.173676 1.174241e-002
334.282349 1.280377e-002
334.391022 9.291160e-003
334.499725 1.694815e-002
334.608398 3.200943e-003
334.717102 7.269511e-003
334.825806 7.825464e-003
334.934509 2.384703e-002
335.043243 3.453650e-003
335.151947 4.717180e-003
335.260681 1.154024e-002
335.369415 8.406688e-003
335.478149 1.553300e-002
335.586884 1.032725e-002
335.695618 9.316430e-003
335.804352 9.695489e-003
335.913116 9.518595e-003
336.021881 7.294782e-003
336.130615 1.055469e-002
336.239380 1.042834e-002
336.348175 1.634166e-003
336.456940 1.780735e-002
336.565735 1.558354e-002
336.674500 7.774923e-003
336.783295 -5.770122e-003
336.892090 3.529461e-003
337.000885 6.511393e-003
337.109680 4.717180e-004
337.218506 5.601651e-003
337.327301 8.153982e-003
337.436127 1.399149e-002
337.544952 1.116118e-002
337.653778 5.728004e-003
337.762604 1.166660e-002
337.871460 1.694815e-002
337.980286 9.897654e-003
338.089142 3.984332e-003
338.197998 7.345323e-003
338.306854 1.555827e-002
338.415710 8.128712e-003
338.524567 4.792992e-003
338.633453 1.553300e-002
338.742310 1.204566e-003
338.851196 -1.878448e-003
338.960083 1.305648e-002
339.068970 5.500569e-003
339.177856 6.612475e-003
339.286774 6.258687e-003
339.395660 1.002401e-002
339.504578 2.569178e-003
339.613495 4.312850e-003
339.722412 -8.423535e-006
339.831329 3.251485e-003
339.940247 1.204566e-003
340.049194 7.294782e-003
340.158112 2.518637e-003
340.267059 9.366971e-003
340.376007 1.573516e-002
340.484955 1.485069e-002
340.593903 1.452218e-002
340.702881 -1.196142e-003
340.811829 6.132334e-003
340.920807 5.980710e-004
341.029785 9.265888e-003
341.138763 -2.939814e-003
341.247742 1.057996e-002
341.356750 6.031252e-003
341.465729 1.108537e-002
341.574738 3.554732e-003
341.683716 1.442109e-002
341.792725 -2.838732e-003
341.901733 1.093375e-002
342.010773 5.247863e-003
342.119781 1.040307e-002
342.228821 1.098429e-002
342.337830 2.445352e-002
342.446869 1.050415e-002
342.555908 4.894074e-003
342.664978 -1.069789e-003
342.774017 1.128754e-002
342.883057 9.088995e-003
342.992126 9.063724e-003
343.101196 5.753275e-003
343.210266 8.634124e-003
343.319336 1.346081e-002
343.428406 7.092617e-003
343.537506 3.251485e-003
343.646576 9.240618e-003
343.755676 9.973465e-003
343.864777 4.110685e-003
343.973877 7.016805e-003
344.082977 1.442109e-002
344.192078 3.049320e-003
344.301208 7.496946e-003
344.410339 1.123700e-002
344.519440 6.890452e-003
344.628571 1.123700e-002
344.737701 1.421893e-002
344.846863 3.377838e-003
344.955994 2.594449e-003
345.065155 6.612475e-003
345.174286 8.811018e-003
345.283447 7.547488e-003
345.392609 4.312850e-003
345.501770 7.370593e-003
345.610962 6.536664e-003
345.720123 7.901276e-003
345.829315 5.222592e-003
345.938507 6.334499e-003
346.047699 1.629112e-002
346.156891 1.409257e-002
346.266083 4.388662e-003
346.375305 9.771301e-003
346.484497 6.587205e-003
346.593719 -3.369414e-005
346.702942 1.624058e-002
346.812164 9.164806e-003
346.921387 -5.391063e-004
347.030609 7.269511e-003
347.139862 9.518595e-004
347.249084 3.807438e-003
347.358337 1.664491e-002
347.467590 1.293013e-002
347.576843 1.639220e-002
347.686096 8.406688e-003
347.795380 1.881818e-002
347.904633 1.179295e-002
348.013916 8.330876e-003
348.123199 1.811060e-003
348.232483 2.147159e-002
348.341766 2.543908e-003
348.451050 3.478920e-003
348.560364 2.190119e-003
348.669678 -9.181654e-004
348.778961 1.287959e-002
348.888275 -2.206966e-003
348.997589 8.987912e-003
349.106934 -3.116708e-004
349.216248 8.204523e-003
349.325562 1.121173e-002
349.434906 1.684707e-005
349.544250 1.472434e-002
349.653595 8.330876e-003
349.762939 1.088321e-002
349.872284 3.327297e-003
349.981659 -5.391063e-004
350.091003 6.738828e-003
350.200378 8.785747e-003
350.309753 1.194457e-002
350.419128 1.138862e-002
350.528503 9.164806e-003
350.637909 1.012509e-002
350.747284 1.828749e-002
350.856689 6.865181e-003
350.966095 1.057996e-002
351.075500 1.583625e-003
351.184906 5.096239e-003
351.294312 1.164133e-002
351.403748 1.424420e-002
351.513153 1.219728e-002
351.622589 7.901276e-003
351.732025 1.346081e-002
351.841461 1.179295e-003
351.950897 9.922924e-003
352.060333 7.749652e-003
352.169800 8.760476e-003
352.279236 2.225498e-002
352.388702 6.865181e-003
352.498169 1.396622e-002
352.607635 5.045698e-003
352.717102 1.909615e-002
352.826599 8.836289e-003
352.936066 3.428379e-003
353.045563 1.912143e-002
353.155060 3.453650e-003
353.264557 7.092617e-003
353.374054 6.940993e-003
353.483551 5.930169e-003
353.593079 7.395864e-003
353.702576 9.594407e-003
353.812103 7.092617e-003
353.921631 1.138862e-002
354.031158 1.247526e-002
354.140686 7.774923e-003
354.250244 -2.864002e-004
354.359772 9.569136e-003
354.469330 1.811060e-003
354.578888 1.368824e-002
354.688446 1.856547e-002
354.798004 5.551110e-003
354.907562 5.348945e-003
355.017120 2.468096e-003
355.126709 8.255064e-003
355.236298 1.305648e-002
355.345886 4.161227e-003
355.455475 3.529461e-003
355.565063 8.684665e-003
355.674652 7.471676e-003
355.784271 9.746030e-003
355.893860 -2.232237e-003
356.003479 2.291202e-003
356.113098 7.294782e-003
356.222717 1.944994e-002
356.332336 8.760476e-004
356.441986 7.067346e-003
356.551605 1.103483e-002
356.661255 8.533041e-003
356.770905 1.123700e-002
356.880524 1.009982e-002
356.990204 9.114265e-003
357.099854 3.857979e-003
357.209503 4.135956e-003
357.319183 6.738828e-003
357.428864 1.037780e-002
357.538513 -1.423577e-003
357.648193 4.489745e-003
357.757904 1.166660e-002
357.867584 8.987912e-003
357.977264 1.381460e-003
358.086975 1.833804e-002
358.196686 4.388662e-003
358.306396 7.471676e-003
358.416107 5.753275e-003
358.525818 8.608853e-003
358.635529 7.547488e-003
358.745270 4.237038e-003
358.855011 1.432001e-004
358.964722 3.453650e-003
359.074463 1.068104e-002
359.184204 4.388662e-003
359.293976 -8.423535e-006
359.403717 7.345323e-003
359.513489 3.630544e-003
359.623230 1.879291e-002
359.733002 9.139536e-003
359.842773 1.381460e-003
359.952545 6.966264e-003
360.062347 5.702734e-003
360.172119 1.773154e-002
360.281921 9.619677e-003
360.391724 2.367013e-003
360.501495 9.543866e-003
360.611298 3.832709e-003
360.721130 -2.712378e-003
360.830933 1.189403e-002
360.940765 8.078170e-003
361.050568 1.709978e-003
361.160400 5.475298e-003
361.270233 6.688287e-003
361.380066 2.442825e-003
361.489899 6.738828e-004
361.599762 1.244999e-002
361.709595 8.987912e-003
361.819458 1.080740e-002
361.929321 5.677463e-003
362.039185 1.432001e-003
362.149048 1.313229e-002
362.258911 1.088321e-002
362.368805 2.038496e-003
362.478668 1.083267e-002
362.588562 4.211768e-004
362.698456 5.374216e-003
362.808350 5.551110e-003
362.918243 -2.990355e-003
363.028137 4.287580e-003
363.138062 8.937371e-003
363.247955 2.195173e-002
363.357880 7.749653e-004
363.467804 1.050415e-002
363.577728 1.073158e-002
363.687653 6.385040e-003
363.797607 9.164806e-003
363.907532 1.482542e-003
364.017487 5.045698e-003
364.127441 7.092617e-003
364.237396 1.146443e-002
364.347351 5.753275e-003
364.457306 1.482542e-002
364.567261 3.554732e-003
364.677246 1.229836e-003
364.787231 6.107063e-003
364.897186 1.151497e-002
365.007172 1.421893e-002
365.117157 1.275323e-002
365.227173 1.174241e-002
365.337158 1.065577e-002
365.447174 1.257634e-002
365.557159 8.002358e-004
365.667175 6.814640e-003
365.777191 7.749652e-003
365.887238 3.276755e-003
365.997253 1.171714e-002
366.107269 3.554732e-003
366.217316 5.803816e-003
366.327362 1.454745e-002
366.437408 7.244240e-003
366.547455 5.728004e-004
366.657501 1.272796e-002
366.767548 1.100956e-002
366.877625 6.486122e-003
366.987671 7.471676e-003
367.097748 -2.055343e-003
367.207825 1.330919e-002
367.317902 8.179253e-003
367.427979 -7.918123e-004
367.538086 2.695531e-004
367.648163 1.608895e-003
367.758270 1.808533e-002
367.868378 4.995157e-003
367.978485 1.090848e-002
368.088593 5.551110e-003
368.198700 5.879628e-003
368.308807 1.709978e-003
368.418945 9.695489e-003
368.529083 6.031252e-003
368.639191 2.619720e-003
368.749329 6.208146e-003
368.859497 4.515015e-003
368.969635 6.940993e-003
369.079773 7.876006e-003
369.189941 2.897696e-003
369.300110 1.088321e-002
369.410248 5.247863e-003
369.520416 7.825464e-003
369.630615 4.666639e-003
369.740784 5.980710e-003
369.850952 1.505286e-002
369.961151 2.089037e-003
370.071350 1.442109e-002
370.181549 1.161605e-002
370.291748 7.421135e-003
370.401947 2.998779e-003
370.512146 3.529461e-003
370.622375 5.879628e-003
370.732574 1.540665e-002
370.842804 6.132334e-003
370.953033 8.583583e-003
371.063263 1.449690e-002
371.173492 4.060144e-003
371.283752 1.608895e-002
371.393982 1.558354e-003
371.504242 3.580003e-003
371.614471 4.767721e-003
371.724731 3.377838e-003
371.834991 1.570989e-002
371.945282 1.613949e-002
372.055542 1.717559e-002
372.165833 1.846439e-002
372.276093 -1.726825e-003
372.386383 8.103441e-003
372.496674 1.586152e-002
372.606964 -2.030072e-003
372.717255 1.229836e-002
372.827576 5.146780e-003
372.937866 -1.196142e-003
373.048187 1.151497e-002
373.158508 1.174241e-002
373.268829 1.164133e-002
373.379150 6.637746e-003
373.489471 1.629112e-002
373.599823 -1.246683e-003
373.710144 -1.827907e-003
373.820496 1.962684e-002
373.930847 2.493366e-003
374.041199 7.673841e-003
374.151550 9.240618e-003
374.261902 6.258687e-003
374.372253 4.843533e-003
374.482635 1.621531e-002
374.593018 1.371352e-002
374.703400 9.872383e-003
374.813782 1.530556e-002
374.924164 4.969886e-003
375.034546 -1.347766e-003
375.144928 8.255065e-004
375.255341 9.973465e-003
375.365753 4.894074e-003
375.476166 1.272796e-002
375.586578 8.558311e-003
375.696991 1.836331e-003
375.807404 6.637746e-003
375.917816 2.215390e-003
376.028259 1.709978e-003
376.138702 1.626585e-002
376.249146 -9.181654e-004
376.359589 4.691909e-003
376.470032 5.045698e-003
376.580475 7.244240e-003
376.690948 1.123700e-002
376.801392 1.293013e-002
376.911865 1.558354e-002
377.022339 4.868804e-003
377.132813 1.414312e-002
377.243286 1.073158e-002
377.353760 7.598029e-003
377.464264 8.330876e-003
377.574738 7.117887e-003
377.685242 3.403108e-003
377.795746 6.915723e-003
377.906250 7.143158e-003
378.016754 6.511393e-003
378.127289 9.164806e-003
378.237793 3.226214e-003
378.348328 3.175673e-003
378.458862 2.063766e-003
378.569366 3.681085e-003
378.679932 6.233416e-003
378.790466 4.995157e-003
378.901001 2.796614e-003
379.011566 1.709978e-003
379.122101 1.042834e-002
379.232666 9.468053e-003
379.343231 4.110685e-003
379.453796 8.987912e-003
379.564362 -3.217791e-003
379.674927 1.085794e-002
379.785522 8.886830e-003
379.896118 9.771301e-003
380.006683 1.437055e-002
380.117279 1.262688e-002
380.227875 6.435581e-003
380.338470 1.383987e-002
380.449097 2.948237e-003
380.559692 2.998779e-003
380.670319 8.583583e-003
380.780945 5.121510e-003
380.891571 1.813587e-002
381.002197 3.226214e-003
381.112823 4.515015e-003
381.223450 6.663017e-003
381.334106 -3.091438e-003
381.444733 8.305606e-003
381.555389 1.985427e-002
381.666046 6.738828e-003
381.776703 4.034874e-003
381.887360 -6.427158e-003
381.998047 1.164133e-002
382.108704 8.861559e-003
382.219391 3.984332e-003
382.330048 -2.156425e-003
382.440735 3.782167e-003
382.551422 1.244999e-002
382.662140 1.116118e-002
382.772827 7.446405e-003
382.883514 3.857979e-003
382.994232 1.558354e-003
383.104950 1.103483e-003
383.215668 1.176768e-002
383.326385 3.504191e-003
383.437103 1.437055e-002
383.547821 6.283958e-003
383.658569 1.250053e-002
383.769287 -3.141979e-003
383.880035 1.406730e-002
383.990784 1.341027e-002
384.101532 7.901276e-003
384.212280 5.096239e-003
384.323059 1.156551e-002
384.433807 1.009982e-002
384.544586 1.040307e-002
384.655365 1.437055e-002
384.766113 3.251485e-003
384.876923 2.023333e-002
384.987701 4.338121e-003
385.098480 1.563408e-002
385.209290 9.594407e-003
385.320068 1.128754e-002
385.430878 1.194457e-002
385.541687 9.821842e-003
385.652496 1.204566e-002
385.763306 -3.167249e-003
385.874115 1.841385e-002
385.984955 5.728004e-003
386.095764 1.760519e-003
386.206604 9.771301e-004
386.317444 1.012509e-002
386.428284 1.406730e-003
386.539124 4.717180e-003
386.649994 3.175673e-003
386.760834 1.351135e-002
386.871704 3.453650e-003
386.982544 4.161227e-003
387.093414 1.684707e-003
387.204285 1.381460e-003
387.315155 1.760519e-003
387.426056 -3.369414e-005
387.536926 4.034874e-003
387.647827 -4.557133e-003
387.758698 7.016805e-003
387.869598 4.413933e-003
387.980499 2.771343e-003
388.091400 8.507770e-003
388.202332 4.742451e-003
388.313232 6.031252e-003
388.424164 5.374216e-003
388.535065 -3.217791e-003
388.645996 2.644990e-003
388.756927 1.619004e-002
388.867859 3.933791e-003
388.978821 3.453650e-003
389.089752 1.280377e-003
389.200714 1.217201e-002
389.311646 9.265889e-005
389.422607 1.757992e-002
389.533569 1.108537e-002
389.644531 1.214674e-002
389.755493 1.017563e-002
389.866486 -5.896474e-004
389.977448 1.032725e-002
390.088440 1.363770e-002
390.199432 -2.358590e-003
390.310425 1.265215e-002
390.421417 9.190077e-003
390.532410 6.940993e-003
390.643433 6.233416e-004
390.754425 2.316472e-003
390.865448 7.749652e-003
390.976440 1.068104e-002
391.087463 7.193699e-003
391.198517 5.854357e-003
391.309540 4.034874e-003
391.420563 1.480015e-002
391.531616 1.179295e-003
391.642639 1.987954e-003
391.753693 7.547488e-003
391.864746 4.060144e-003
391.975800 -2.661837e-003
392.086853 7.042076e-003
392.197906 -4.203344e-003
392.308990 5.475298e-003
392.420074 8.583583e-003
392.531128 1.002401e-003
392.642212 9.948195e-003
392.753296 3.251485e-003
392.864380 1.103483e-003
392.975494 1.760519e-003
393.086578 3.756897e-003
393.197693 1.042834e-002
393.308807 3.428379e-003
393.419891 1.174241e-002
393.531006 1.507813e-003
393.642151 1.303121e-002
393.753265 1.047888e-002
393.864380 1.164133e-002
393.975525 7.370593e-003
394.086670 8.381418e-003
394.197784 7.547488e-003
394.308929 1.310702e-002
394.420105 1.179295e-002
394.531250 3.200943e-003
394.642395 1.015036e-002
394.753571 9.265889e-004
394.864716 7.193699e-003
394.975891 2.998779e-003
395.087067 1.015036e-002
395.198242 1.356189e-003
395.309448 9.619677e-003
395.420624 1.250053e-002
395.531799 1.075685e-002
395.643005 6.839911e-003
395.754211 8.760476e-004
395.865417 4.211768e-005
395.976624 2.063766e-003
396.087830 3.226214e-003
396.199036 -1.600472e-003
396.310272 1.343554e-002
396.421509 1.411785e-002
396.532715 5.904899e-003
396.643951 1.204566e-003
396.755188 3.933791e-003
396.866425 -5.896475e-003
396.977692 1.002401e-003
397.088928 -8.170829e-004
397.200195 1.477488e-002
397.311462 2.619720e-003
397.422699 2.569178e-002
397.533966 9.013182e-003
397.645264 -1.524660e-003
397.756531 9.695489e-003
397.867798 1.171714e-002
397.979095 8.861559e-003
398.090363 4.843533e-003
398.201660 -1.474119e-003
398.312958 5.273133e-003
398.424255 1.060523e-002
398.535583 8.330876e-003
398.646881 2.240660e-002
398.758209 1.381460e-003
398.869507 1.330919e-002
398.980835 1.538138e-002
399.092163 4.641368e-003
399.203491 9.493324e-003
399.314819 7.320052e-003
399.426178 1.896980e-002
399.537506 8.760476e-003
399.648865 6.182875e-003
399.760193 9.948195e-003
399.871552 1.459799e-002
399.982910 -1.004085e-002
400.094299 5.273133e-003
400.205658 2.543908e-003
400.317017 4.717180e-003
400.428406 1.811060e-003
400.539795 5.652192e-003
400.651184 1.035252e-002
400.762573 2.316472e-003
400.873962 1.128754e-003
400.985352 6.612475e-003
401.096741 8.406688e-003
401.208160 2.417555e-003
401.319580 1.136335e-002
401.430969 1.093375e-002
401.542389 1.300594e-002
401.653839 1.634166e-003
401.765259 7.648570e-003
401.876678 -7.665417e-003
401.988129 -7.867582e-003
402.099548 1.386514e-002
402.210999 5.551110e-003
402.322449 2.109253e-002
402.433899 -1.095060e-004
402.545349 3.782167e-003
402.656830 6.991534e-003
402.768280 6.081793e-003
402.879761 -2.308049e-003
402.991211 7.699111e-003
403.102692 1.667018e-002
403.214172 4.515015e-003
403.325653 1.239944e-002
403.437164 4.085415e-003
403.548645 1.229836e-002
403.660156 1.270269e-002
403.771637 7.926547e-003
403.883148 1.699870e-002
403.994659 1.189403e-002
404.106171 1.141389e-002
404.217712 1.042834e-002
404.329224 4.211768e-005
404.440735 -1.979531e-003
404.552277 1.078213e-003
404.663818 6.839911e-003
404.775360 5.424757e-003
404.886902 1.704924e-002
404.998444 7.876006e-003
405.109985 7.446405e-003
405.221558 8.356147e-003
405.333099 7.143158e-003
405.444672 4.818262e-003
405.556244 7.370593e-003
405.667816 2.164849e-003
405.779388 8.912100e-003
405.890961 1.298067e-002
406.002563 -9.939772e-004
406.114136 1.330919e-002
406.225739 1.260161e-002
406.337341 1.745356e-002
406.448944 7.774923e-003
406.560547 2.114307e-003
406.672150 1.356189e-003
406.783783 7.092617e-003
406.895386 3.605273e-003
407.007019 3.580003e-003
407.118622 9.063724e-003
407.230255 1.078213e-003
407.341888 9.594407e-003
407.453552 6.208146e-003
407.565186 7.876006e-003
407.676819 1.060523e-002
407.788483 -4.885651e-003
407.900146 9.796572e-003
408.011810 3.453650e-003
408.123474 -3.369414e-004
408.235138 -3.091438e-003
408.346802 1.037780e-002
408.458466 -1.549931e-003
408.570160 2.594449e-002
408.681854 9.746030e-003
408.793518 2.286148e-002
408.905212 1.035252e-002
409.016907 1.464853e-002
409.128632 2.948237e-003
409.240326 1.270269e-002
409.352020 7.699111e-003
409.463745 -7.488523e-003
409.575470 1.348608e-002
409.687195 5.247863e-003
409.798920 2.468096e-003
409.910645 3.327297e-003
410.022369 -4.481321e-003
410.134094 -3.874826e-004
410.245850 1.265215e-002
410.357605 1.684707e-004
410.469330 9.493324e-003
410.581085 9.316430e-003
410.692871 3.580003e-003
410.804626 -1.398307e-003
410.916382 1.538138e-002
411.028168 1.103483e-002
411.139923 -1.095060e-003
411.251709 7.042076e-003
411.363495 1.128754e-002
411.475281 1.396622e-002
411.587067 1.507813e-002
411.698853 4.262309e-003
411.810669 3.200943e-003
411.922455 6.385040e-003
412.034271 1.495177e-002
412.146088 -6.654593e-004
412.257904 8.128712e-003
412.369720 6.612475e-003
412.481537 2.038496e-002
412.593384 1.482542e-003
412.705200 7.395864e-003
412.817047 1.108537e-002
412.928864 1.073158e-002
413.040710 1.042834e-002
413.152557 6.359769e-003
413.264435 5.728004e-003
413.376282 4.843533e-003
413.488129 6.713558e-003
413.600006 1.141389e-002
413.711884 1.100956e-002
413.823730 2.392284e-002
413.935608 9.543866e-003
414.047516 1.576043e-002
414.159393 9.518595e-003
414.271271 7.547488e-003
414.383179 3.251485e-003
414.495056 1.778208e-002
414.606964 1.735248e-002
414.718872 5.197322e-003
414.830780 3.276755e-003
414.942688 6.688287e-003
415.054626 4.161227e-003
415.166534 1.040307e-002
415.278473 7.294782e-003
415.390381 2.998779e-003
415.502319 8.760476e-003
415.614258 1.133808e-002
415.726196 1.037780e-002
415.838135 8.507771e-004
415.950104 8.280335e-003
416.062042 6.233416e-003
416.174011 9.518595e-003
416.285980 4.969886e-003
416.397949 8.507770e-003
416.509918 5.854357e-003
416.621887 8.103441e-003
416.733856 8.785747e-003
416.845825 4.338121e-003
416.957825 1.189403e-002
417.069824 1.578571e-002
417.181824 9.341701e-003
417.293823 7.143158e-003
417.405823 6.561934e-003
417.517822 1.437055e-002
417.629822 7.623299e-003
417.741852 4.944615e-003
417.853851 2.872426e-003
417.965881 7.800194e-003
418.077911 1.937413e-003
418.189941 5.904899e-003
418.301971 -3.546308e-003
418.414001 1.861601e-003
418.526062 8.558311e-003
418.638092 9.088995e-003
418.750153 3.959062e-003
418.862213 1.442109e-002
418.974274 6.561934e-003
419.086334 9.417512e-003
419.198395 -6.780946e-003
419.310455 4.944615e-003
419.422546 4.894074e-003
419.534637 1.042834e-002
419.646698 2.035969e-002
419.758789 1.528029e-002
419.870880 8.533041e-003
419.982971 1.174241e-002
420.095093 6.511393e-003
420.207184 1.305648e-002
420.319275 3.453650e-003
420.431396 7.598029e-003
420.543518 1.159078e-002
420.655640 1.977846e-002
420.767761 -5.239439e-003
420.879883 1.252580e-002
420.992004 3.908521e-003
421.104156 2.392284e-003
421.216278 5.955440e-003
421.328430 5.601651e-003
421.440582 2.619720e-003
421.552734 2.543908e-003
421.664886 1.113591e-002
421.777039 9.063724e-003
421.889221 1.186876e-002
422.001373 1.055469e-002
422.113556 1.684707e-003
422.225739 1.224782e-002
422.337891 1.320810e-002
422.450073 8.558311e-003
422.562286 -4.885651e-004
422.674469 4.515015e-003
422.786652 8.078170e-003
422.898865 1.646801e-002
423.011078 5.121510e-003
423.123260 -3.950638e-003
423.235474 4.464474e-003
423.347687 6.157605e-003
423.459930 -1.777366e-003
423.572144 4.944615e-003
423.684357 4.868804e-003
423.796600 1.702397e-002
423.908844 -2.762920e-003
424.021088 4.792992e-003
424.133331 4.237038e-003
424.245575 -5.997557e-003
424.357819 8.608853e-003
424.470062 -5.391063e-004
424.582336 1.977846e-002
424.694580 3.302026e-003
424.806854 2.190119e-003
424.919128 5.172051e-003
425.031403 5.121510e-003
425.143677 -2.864002e-004
425.255981 3.478920e-003
425.368256 5.702734e-003
425.480560 1.631639e-002
425.592834 6.081793e-003
425.705139 -3.799014e-003
425.817444 1.262688e-002
425.929749 6.208146e-003
426.042053 1.669545e-002
426.154388 -4.127532e-004
426.266693 4.312850e-003
426.379028 1.098429e-002
426.491333 9.468053e-003
426.603668 6.107063e-003
426.716003 1.290486e-002
426.828339 1.383987e-002
426.940674 6.182875e-003
427.053040 -2.105884e-004
427.165375 1.335973e-002
427.277740 1.265215e-002
427.390106 9.417512e-003
427.502472 -7.665417e-004
427.614838 5.475298e-003
427.727203 1.555827e-002
427.839569 4.792992e-003
427.951935 2.215390e-003
428.064331 7.749652e-003
428.176727 8.255064e-003
428.289093 1.356189e-003
428.401489 8.305606e-003
428.513885 1.255107e-002
428.626312 7.749652e-003
428.738708 -3.369414e-005
428.851105 -5.643769e-004
428.963531 2.998779e-003
429.075958 1.050415e-002
429.188354 1.558354e-002
429.300781 5.121510e-003
429.413208 6.738828e-004
429.525665 6.713558e-003
429.638092 2.013225e-003
429.750519 6.107063e-003
429.862976 1.818641e-002
429.975433 -5.466874e-003
430.087891 1.315756e-002
430.200348 1.303121e-002
430.312805 1.083267e-002
430.425262 5.500569e-003
430.537720 1.040307e-002
430.650208 5.652192e-003
430.762665 1.004928e-002
430.875153 1.505286e-002
430.987640 1.052942e-002
431.100128 7.421135e-003
431.212616 1.255107e-003
431.325134 5.576381e-003
431.437622 6.890452e-003
431.550110 3.908521e-003
431.662628 7.648570e-003
431.775146 -3.344144e-003
431.887665 3.706356e-003
432.000183 1.161605e-002
432.112701 7.092617e-003
432.225220 -4.127532e-004
432.337769 -2.535484e-003
432.450287 1.404203e-002
432.562836 -2.484943e-003
432.675385 1.022617e-002
432.787933 1.533083e-003
432.900482 1.020090e-002
433.013031 7.876006e-003
433.125580 -1.019248e-003
433.238159 8.507770e-003
433.350708 7.926547e-003
433.463287 1.315756e-002
433.575867 1.159078e-002
433.688446 5.070968e-003
433.801025 1.030198e-002
433.913605 1.237417e-002
434.026215 -2.055343e-003
434.138794 5.121510e-003
434.251404 4.742451e-003
434.363983 1.401676e-002
434.476593 1.325864e-002
434.589203 6.511393e-003
434.701813 8.330876e-003
434.814453 1.282904e-002
434.927063 1.007455e-002
435.039673 1.207093e-002
435.152313 -2.232237e-003
435.264954 3.074590e-003
435.377594 2.569178e-003
435.490234 7.699111e-003
435.602875 8.153982e-003
435.715515 1.725140e-002
435.828156 1.219728e-002
435.940826 1.176768e-002
436.053497 1.535610e-002
436.166138 1.189403e-002
436.278809 4.135956e-003
436.391479 6.713558e-003
436.504150 6.940993e-003
436.616852 1.032725e-002
436.729523 1.859074e-002
436.842224 1.106010e-002
436.954895 4.363391e-003
437.067596 4.767721e-003
437.180298 -1.347766e-004
437.292999 1.128754e-003
437.405701 3.403108e-003
437.518402 1.025144e-002
437.631134 1.260161e-002
437.743835 9.821842e-003
437.856567 1.050415e-002
437.969299 2.695531e-003
438.082031 1.189403e-002
438.194763 1.040307e-002
438.307495 2.518637e-003
438.420227 1.474961e-002
438.532990 -2.459672e-003
438.645721 1.176768e-002
438.758484 8.760476e-003
438.871246 1.962684e-003
438.984009 9.013182e-003
439.096771 1.371352e-002
439.209534 8.153982e-003
439.322296 1.386514e-002
439.435089 -7.160005e-004
439.547852 3.883250e-003
439.660645 9.013182e-003
439.773438 -7.741229e-003
439.886230 8.229794e-003
439.999023 1.027671e-003
440.111816 4.995157e-003
440.224609 2.442825e-004
440.337433 3.403108e-003
440.450226 9.796572e-003
440.563049 1.341027e-002
440.675873 7.749652e-003
440.788696 7.092617e-003
440.901520 1.962684e-003
441.014343 6.789370e-003
441.127167 -2.484943e-003
441.240021 1.045361e-002
441.352844 6.233416e-004
441.465698 6.612475e-003
441.578552 1.937413e-003
441.691406 5.626922e-003
441.804260 5.146780e-003
441.917114 5.728004e-004
442.029968 1.843912e-002
442.142853 1.444636e-002
442.255707 2.897696e-003
442.368591 4.767721e-003
442.481476 5.273133e-003
442.594360 4.135956e-003
442.707245 1.280377e-003
442.820129 1.323337e-002
442.933044 -1.398307e-003
443.045929 1.242471e-002
443.158844 3.453650e-003
443.271729 1.492650e-002
443.384644 6.233416e-003
443.497559 -3.950638e-003
443.610474 1.530556e-002
443.723389 2.038496e-003
443.836334 8.836289e-003
443.949249 7.269511e-003
444.062195 1.229836e-002
444.175110 -6.098640e-003
444.288055 1.533083e-003
444.401001 2.551489e-002
444.513947 -7.109464e-003
444.626923 7.699111e-003
444.739868 8.002358e-003
444.852814 1.103483e-003
444.965790 2.013225e-003
445.078766 9.164806e-003
445.191711 9.619677e-003
445.304688 9.493324e-003
445.417664 2.063766e-003
445.530670 1.330919e-002
445.643646 7.370593e-003
445.756622 6.612475e-003
445.869629 4.818262e-003
445.982635 9.872383e-003
446.095612 7.623299e-003
446.208618 6.587205e-003
446.321655 7.446405e-003
446.434662 1.075685e-002
446.547668 -1.701554e-003
446.660675 -4.885651e-004
446.773712 1.088321e-002
446.886749 7.244240e-003
446.999786 2.644990e-003
447.112793 3.782167e-003
447.225861 4.439203e-003
447.338898 5.576381e-003
447.451935 1.861601e-003
447.564972 1.295540e-002
447.678040 1.260161e-002
447.791107 1.229836e-002
447.904175 1.341027e-002
448.017212 3.403108e-003
448.130310 -8.676241e-004
448.243378 -2.586025e-003
448.356445 2.162321e-002
448.469513 5.424757e-003
448.582611 1.260161e-002
448.695709 7.876006e-003
448.808777 1.353662e-002
448.921875 1.439582e-002
449.034973 3.352567e-003
449.148102 9.771301e-003
449.261200 5.854357e-003
449.374298 1.788316e-002
449.487427 4.616098e-003
449.600525 1.287959e-002
449.713654 1.763046e-002
449.826782 1.252580e-002
449.939911 9.998737e-003
450.053040 1.009982e-002
450.166199 2.543908e-003
450.279327 1.204566e-003
450.392456 6.056522e-003
450.505615 7.926547e-003
450.618774 4.969886e-003
450.731934 5.323675e-003
450.845093 2.316472e-003
450.958252 2.796614e-003
451.071411 7.522217e-003
451.184601 1.131281e-002
451.297760 8.482500e-003
451.410950 3.807438e-003
451.524109 8.836289e-003
451.637299 -1.928990e-003
451.750488 1.280377e-003
451.863678 3.782167e-003
451.976898 1.356189e-002
452.090088 9.215347e-003
452.203308 6.612475e-003
452.316498 9.796572e-003
452.429718 6.587205e-003
452.542938 1.128754e-002
452.656158 6.966264e-003
452.769379 1.047888e-002
452.882599 9.013182e-003
452.995819 3.782167e-003
453.109070 1.212147e-002
453.222290 8.507770e-003
453.335541 1.252580e-002
453.448792 1.555827e-002
453.562042 7.016805e-003
453.675293 1.052942e-003
453.788544 1.244999e-002
453.901794 7.572758e-003
454.015076 1.113591e-002
454.128326 -1.549931e-003
454.241608 -5.795392e-003
454.354889 4.489745e-003
454.468170 9.948195e-003
454.581451 1.075685e-002
454.694733 1.482542e-002
454.808014 9.164806e-003
454.921326 7.345323e-003
455.034607 1.303121e-002
455.147919 6.410311e-003
455.261230 -1.853178e-004
455.374542 2.695531e-003
455.487854 6.334499e-003
455.601166 2.619720e-003
455.714478 6.056522e-003
455.827789 1.128754e-003
455.941132 6.486122e-003
456.054474 9.265888e-003
456.167786 -4.051721e-003
456.281128 1.490123e-002
456.394470 6.839911e-003
456.507813 2.187592e-002
456.621185 1.027671e-003
456.734528 6.385040e-003
456.847870 8.659394e-003
456.961243 5.475298e-004
457.074615 4.868804e-003
457.187988 4.641368e-003
457.301361 3.959062e-003
457.414734 7.067346e-003
457.528107 3.150402e-003
457.641479 7.547488e-003
457.754883 9.847113e-003
457.868256 2.746073e-002
457.981659 1.298067e-002
458.095062 1.341027e-002
458.208466 -8.423536e-004
458.321869 1.030198e-002
458.435272 1.098429e-002
458.548676 1.229836e-003
458.662109 7.067346e-003
458.775513 -3.622120e-004
458.888947 1.047888e-002
459.002380 9.215347e-003
459.115784 8.760476e-003
459.229218 1.975319e-002
459.342682 9.291160e-003
459.456116 5.070968e-003
459.569550 4.211768e-003
459.683014 1.859074e-002
459.796448 7.825464e-003
459.909912 3.529461e-003
460.023376 1.156551e-002
460.136841 1.108537e-002
460.250305 1.252580e-002
460.363770 1.328391e-002
460.477264 1.432001e-004
460.590729 6.839911e-003
460.704224 -1.398307e-003
460.817688 4.237038e-003
460.931183 6.890452e-003
461.044678 1.323337e-002
461.158173 1.012509e-002
461.271667 6.789370e-003
461.385193 1.411785e-002
461.498688 5.829087e-003
461.612213 9.139536e-003
461.725708 -1.827907e-003
461.839233 1.492650e-002
461.952759 8.179253e-003
462.066284 1.335973e-002
462.179810 1.164133e-002
462.293335 1.745356e-002
462.406891 6.587205e-003
462.520416 4.666639e-003
462.633972 3.580003e-003
462.747528 1.052942e-003
462.861053 1.507813e-002
462.974609 -1.044518e-003
463.088165 8.179253e-003
463.201752 1.060523e-002
463.315308 9.164806e-003
463.428864 2.872426e-003
463.542450 8.634124e-003
463.656036 2.164849e-003
463.769623 1.252580e-002
463.883179 1.305648e-003
463.996765 7.977088e-003
464.110382 1.490123e-002
464.223969 8.558311e-003
464.337555 7.749652e-003
464.451172 1.497705e-002
464.564789 6.107063e-003
464.678375 8.507770e-003
464.791992 9.139536e-003
464.905609 -2.358590e-003
465.019226 -4.127532e-003
465.132874 2.771343e-003
465.246490 3.984332e-003
465.360107 2.089037e-003
465.473755 8.507771e-004
465.587402 6.460852e-003
465.701050 6.991534e-003
465.814667 6.283958e-003
465.928345 3.984332e-003
466.041992 7.496946e-003
466.155640 1.654382e-002
466.269287 -3.622120e-004
466.382965 3.352567e-003
466.496643 5.020427e-003
466.610291 1.389041e-002
466.723969 1.482542e-003
466.837646 1.709978e-003
466.951324 5.551110e-003
467.065033 4.717180e-004
467.178711 6.637746e-003
467.292419 2.619720e-003
467.406097 7.421135e-003
467.519806 6.486122e-004
467.633514 1.684707e-005
467.747223 1.550773e-002
467.860931 1.444636e-002
467.974640 5.904899e-003
468.088348 1.083267e-002
468.202087 2.897696e-003
468.315796 4.312850e-003
468.429535 1.318283e-002
468.543274 1.785789e-003
468.657013 1.285432e-002
468.770752 4.085415e-003
468.884491 8.078170e-003
468.998230 7.547488e-003
469.111969 7.042076e-003
469.225739 1.730194e-002
469.339508 -3.116708e-004
469.453247 7.117887e-003
469.567017 3.655814e-003
469.680786 1.555827e-002
469.794556 1.012509e-002
469.908325 9.569136e-003
470.022125 3.352567e-003
470.135895 1.169187e-002
470.249695 2.948237e-004
470.363464 1.237417e-002
470.477264 9.922924e-003
470.591064 1.065577e-002
470.704865 7.749653e-004
470.818665 9.291160e-003
470.932465 4.894074e-003
471.046295 4.565556e-003
471.160095 1.333446e-002
471.273926 6.814640e-003
471.387756 1.009982e-002
471.501587 1.290486e-002
471.615387 8.861559e-003
471.729248 -2.181696e-003
471.843079 1.538138e-002
471.956909 6.258687e-003
472.070740 8.103441e-003
472.184601 8.709935e-003
472.298462 4.843533e-003
472.412292 9.847113e-003
472.526154 7.395864e-003
472.640015 1.591206e-002
472.753876 4.262309e-003
472.867767 7.850735e-003
472.981628 8.179253e-003
473.095520 -1.853178e-004
473.209381 4.717180e-003
473.323273 1.060523e-002
473.437164 1.057996e-002
473.551056 4.792992e-003
473.664948 1.293013e-002
473.778839 7.244240e-003
473.892731 2.746073e-003
474.006653 6.309228e-003
474.120544 2.190119e-003
474.234467 9.190077e-003
474.348389 8.052900e-003
474.462280 3.706356e-003
474.576202 4.363391e-003
474.690125 3.453649e-004
474.804077 3.099861e-003
474.917999 1.184349e-002
475.031921 1.148970e-002
475.145874 7.320052e-003
475.259827 1.260161e-002
475.373779 -3.369414e-005
475.487701 -6.932570e-003
475.601654 1.151497e-002
475.715637 3.984332e-003
475.829590 9.190077e-003
475.943542 -7.160005e-004
476.057526 8.507770e-003
476.171478 6.208146e-003
476.285461 8.886830e-003
476.399445 2.922967e-003
476.513428 1.732721e-002
476.627411 7.648570e-003
476.741394 1.088321e-002
476.855377 8.153982e-003
476.969391 9.392242e-003
477.083374 5.247863e-003
477.197388 1.406730e-003
477.311401 9.644948e-003
477.425415 4.717180e-003
477.539429 7.244240e-003
477.653442 1.348608e-002
477.767456 1.275323e-002
477.881470 6.309228e-003
477.995514 7.244240e-003
478.109528 8.128712e-003
478.223572 2.670261e-003
478.337616 4.211768e-005
478.451660 1.709978e-003
478.565704 1.356189e-003
478.679749 1.704924e-002
478.793793 -1.019248e-003
478.907867 5.576381e-003
479.021912 1.179295e-004
479.135986 1.626585e-002
479.250061 1.229836e-002
479.364105 7.117887e-003
479.478180 1.065577e-002
479.592255 9.392242e-003
479.706360 1.004928e-002
479.820435 6.637746e-003
479.934509 7.370593e-003
480.048615 8.962641e-003
480.162689 2.442825e-003
480.276794 1.335973e-002
480.390900 2.129470e-002
480.505005 7.496946e-003
480.619110 7.522217e-003
480.733215 2.493366e-003
480.847351 4.691909e-003
480.961456 1.709978e-002
481.075592 7.598029e-003
481.189697 9.771301e-003
481.303833 1.351135e-002
481.417969 3.857979e-003
481.532104 1.138862e-002
481.646240 -1.726825e-003
481.760376 1.320810e-002
481.874542 -4.885651e-004
481.988678 1.020090e-002
482.102844 2.442825e-003
482.217010 1.298067e-002
482.331146 1.042834e-002
482.445313 3.529461e-003
482.559479 2.644990e-003
482.673645 4.995157e-003
482.787842 9.746030e-003
482.902008 4.995157e-003
483.016205 1.533083e-003
483.130371 1.063050e-002
483.244568 1.184349e-002
483.358765 9.114265e-003
483.472961 7.421135e-003
483.587158 -1.499389e-003
483.701355 7.067346e-003
483.815552 1.300594e-002
483.929779 5.778545e-003
484.043976 9.341701e-003
484.158203 9.720759e-003
484.272430 2.796614e-003
484.386627 1.057996e-002
484.500854 1.727667e-002
484.615082 1.090848e-002
484.729340 9.670218e-003
484.843567 6.764099e-003
484.957794 -2.864002e-003
485.072052 1.100956e-002
485.186310 6.233416e-004
485.300537 -1.095060e-004
485.414795 2.695531e-003
485.529053 1.515394e-002
485.643311 8.912100e-003
485.757599 5.500569e-003
485.871857 4.868804e-003
485.986115 5.955440e-003
486.100403 7.269511e-003
486.214691 -1.676284e-003
486.328949 9.771301e-003
486.443237 2.839574e-002
486.557526 4.969886e-003
486.671814 8.507771e-004
486.786133 7.800194e-003
486.900421 8.052900e-003
487.014709 -1.398307e-003
487.129028 1.421893e-002
487.243347 1.060523e-002
487.357635 1.492650e-002
487.471954 7.320052e-003
487.586273 4.868804e-003
487.700592 1.250053e-002
487.814941 1.265215e-002
487.929260 -1.373036e-003
488.043610 8.912100e-003
488.157928 8.886830e-003
488.272278 1.305648e-003
488.386627 1.619004e-002
488.500977 9.746030e-003
488.615326 9.013182e-003
488.729675 -6.149181e-004
488.844025 1.912142e-003
488.958374 9.644948e-003
489.072754 1.255107e-002
489.187103 1.052942e-002
489.301483 1.406730e-003
489.415863 6.839911e-003
489.530243 6.157605e-003
489.644623 1.270269e-002
489.759003 3.655814e-003
489.873383 5.652192e-003
489.987793 -4.001179e-003
490.102173 1.654382e-002
490.216583 -1.651013e-003
490.330963 1.027671e-002
490.445374 9.543866e-003
490.559784 1.015036e-002
490.674194 9.063724e-003
490.788605 6.309228e-003
490.903046 6.309228e-003
491.017456 1.118646e-002
491.131897 5.955440e-003
491.246307 3.706356e-003
491.360748 2.392284e-003
491.475189 7.218970e-003
491.589630 9.720759e-003
491.704071 5.273133e-003
491.818512 2.543908e-003
491.932953 -1.322495e-003
492.047394 1.214674e-002
492.161865 6.233416e-004
492.276337 7.623299e-003
492.390778 7.572758e-003
492.505249 8.735206e-003
492.619720 9.063724e-003
492.734192 7.269511e-003
492.848663 -3.849556e-003
492.963135 7.648570e-003
493.077637 1.017563e-002
493.192108 7.471676e-003
493.306610 1.553300e-002
493.421112 5.778545e-003
493.535583 4.540286e-003
493.650085 6.966264e-003
493.764587 -6.654593e-004
493.879120 5.829087e-003
493.993622 4.944615e-003
494.108124 -3.495767e-003
494.222656 5.020427e-003
494.337158 7.876006e-003
494.451691 3.706356e-003
494.566223 2.038496e-003
494.680756 3.403108e-003
494.795288 -2.156425e-003
494.909821 3.605273e-003
495.024353 1.123700e-002
495.138916 1.229836e-003
495.253448 5.904899e-003
495.368011 6.561934e-003
495.482544 -4.885651e-004
495.597107 5.728004e-003
495.711670 7.749652e-003
495.826233 -3.192520e-003
495.940796 -3.192520e-003
496.055389 5.904899e-003
496.169952 1.550773e-002
496.284515 7.749653e-004
496.399109 1.406730e-002
496.513702 5.980710e-004
496.628265 1.310702e-002
496.742859 4.034874e-003
496.857452 1.313229e-002
496.972076 6.157605e-003
497.086670 3.125132e-003
497.201263 4.464474e-004
497.315887 1.015036e-002
497.430481 4.060144e-003
497.545105 1.416839e-002
497.659729 7.269511e-003
497.774353 4.717180e-004
497.888977 3.049320e-003
498.003601 8.811018e-003
498.118225 5.854357e-003
498.232849 5.146780e-003
498.347504 7.244240e-004
498.462128 1.100956e-002
498.576782 1.320810e-002
498.691437 1.366297e-002
498.806091 1.217201e-002
498.920746 3.099861e-003
499.035400 3.150402e-003
499.150055 2.000590e-002
499.264709 2.114307e-003
499.379395 7.143158e-003
499.494049 9.240618e-003
499.608734 1.533083e-003
499.723419 1.634166e-003
499.838074 6.738828e-003
499.952759 1.103483e-002
500.067474 9.847113e-003
500.182159 -4.734027e-003
500.296844 7.395864e-003
500.411530 -7.412711e-004
500.526245 8.381418e-003
500.640961 9.746030e-003
500.755646 7.547488e-003
500.870361 1.634166e-003
500.985077 1.811060e-003
501.099792 5.803816e-003
501.214508 6.536664e-003
501.329254 3.453650e-003
501.443970 -5.643769e-004
501.558716 9.695489e-003
501.673431 2.392284e-003
501.788177 1.073158e-002
501.902924 6.991535e-004
502.017670 1.363770e-002
502.132416 -1.499389e-003
502.247162 5.930169e-003
502.361908 2.746073e-003
502.476654 1.659437e-003
502.591431 6.511393e-003
502.706207 6.107063e-003
502.820953 7.699111e-003
502.935730 -2.889273e-003
503.050507 1.432001e-002
503.165283 1.065577e-002
503.280060 9.190077e-003
503.394836 8.078170e-003
503.509644 1.912142e-003
503.624420 1.432001e-003
503.739227 -4.885651e-004
503.854004 -2.257508e-003
503.968811 8.305606e-003
504.083618 7.117887e-003
504.198425 9.316430e-003
504.313232 1.469907e-002
504.428040 3.428379e-003
504.542877 1.085794e-002
504.657684 1.957630e-002
504.772491 -1.297224e-003
504.887329 3.504191e-003
505.002167 1.009982e-002
505.117004 9.139536e-003
505.231842 1.765573e-002
505.346680 6.005981e-003
505.461517 1.912142e-003
505.576355 8.078170e-003
505.691223 1.128754e-002
505.806061 4.590827e-003
505.920929 1.583625e-003
506.035767 1.942467e-002
506.150635 6.132334e-003
506.265503 7.749653e-004
506.380371 1.161605e-002
506.495239 1.255107e-003
506.610107 4.944615e-003
506.725006 3.857979e-003
506.839874 -4.354968e-003
506.954773 6.208146e-003
507.069672 -1.044518e-003
507.184540 1.434528e-002
507.299438 1.487596e-002
507.414337 -6.705134e-003
507.529236 6.511393e-003
507.644165 8.912100e-003
507.759064 8.684665e-003
507.873962 5.829087e-003
507.988892 1.381460e-003
508.103790 -1.701554e-003
508.218719 1.012509e-002
508.333649 -2.661837e-003
508.448578 2.619720e-003
508.563507 4.009603e-003
508.678436 6.132334e-003
508.793365 1.558354e-003
508.908325 2.594449e-003
509.023254 1.330919e-003
509.138214 3.099861e-003
509.253174 8.912100e-003
509.368103 -1.474119e-003
509.483063 1.659437e-003
509.598022 4.312850e-003
509.712982 -1.853178e-004
509.827972 3.908521e-003
509.942932 1.042834e-002
510.057892 9.670218e-003
510.172882 7.143158e-003
510.287872 -5.113086e-003
510.402832 7.547488e-003
510.517822 8.406688e-003
510.632813 5.904899e-003
510.747803 1.262688e-002
510.862823 1.285432e-002
510.977814 1.068104e-002
511.092804 1.055469e-002
511.207825 5.803816e-003
511.322815 1.656909e-002
511.437836 7.926547e-003
511.552856 8.052900e-003
511.667877 5.980710e-003
511.782898 8.431959e-003
511.897919 7.673841e-003
512.012939 9.088995e-003
512.127991 1.366297e-002
512.242981 6.839911e-003
512.358032 1.244999e-002
512.473083 3.428379e-003
512.588135 9.796572e-003
512.703186 -2.914543e-003
512.818237 1.227309e-002
512.933289 7.320052e-003
513.048340 -5.138356e-004
513.163391 7.092617e-003
513.278442 2.619720e-003
513.393555 1.861601e-003
513.508606 1.222255e-002
513.623657 1.090848e-002
513.738770 5.626922e-003
513.853821 8.659394e-003
513.968933 1.164133e-002
514.083984 8.811018e-003
514.199097 3.403108e-003
514.314209 1.090848e-002
514.429260 5.652192e-003
514.544373 1.507813e-003
514.659485 1.712505e-002
514.774597 2.119361e-002
514.889709 4.161227e-003
515.004822 7.926547e-003
515.119934 3.605273e-003
515.235046 1.186876e-002
515.350159 -2.333319e-003
515.465271 6.839911e-003
515.580383 6.283958e-003
515.695557 1.148970e-002
515.810669 1.712505e-002
515.925842 1.239944e-002
516.040955 1.169187e-002
516.156067 5.475298e-003
516.271240 6.789370e-003
516.386414 7.496946e-003
516.501526 3.933791e-003
516.616699 8.305606e-003
516.731873 3.706356e-004
516.847046 2.164849e-003
516.962219 8.280335e-003
517.077332 2.872426e-003
517.192505 7.446405e-003
517.307678 8.912100e-003
517.422913 8.659394e-003
517.538086 1.143916e-002
517.653259 9.063724e-003
517.768433 4.211768e-003
517.883606 7.320052e-003
517.998840 1.826222e-002
518.114014 5.121510e-003
518.229248 9.392242e-003
518.344421 1.507813e-003
518.459656 3.125132e-003
518.574829 9.215347e-003
518.690063 1.836331e-003
518.805298 -2.687108e-003
518.920471 3.200943e-003
519.035706 9.190077e-003
519.150940 1.373879e-002
519.266174 9.796572e-003
519.381409 4.944615e-003
519.496643 9.619677e-003
519.611877 2.341743e-003
519.727112 -1.347766e-004
519.842346 4.717180e-003
519.957642 2.973508e-003
520.072876 1.244999e-002
520.188110 3.756897e-003
520.303406 8.659394e-003
520.418640 3.478920e-003
520.533875 1.027671e-002
520.649170 6.587205e-003
520.764465 1.353662e-002
520.879700 9.998737e-003
520.994995 -2.409131e-003
521.110291 9.922924e-003
521.225525 4.439203e-003
521.340820 5.348945e-003
521.456116 2.746073e-003
521.571411 5.854357e-003
521.686707 2.695531e-004
521.802002 5.980710e-003
521.917297 7.042076e-003
522.032593 6.385040e-003
522.147949 1.207093e-002
522.263245 5.399486e-003
522.378540 1.482542e-003
522.493896 -6.553511e-003
522.609192 1.778208e-002
522.724487 1.204566e-003
522.839844 1.320810e-002
522.955200 9.998737e-003
523.070496 1.709978e-003
523.185852 6.789370e-003
523.301208 1.179295e-002
523.416504 5.626922e-003
523.531860 2.796614e-003
523.647217 1.100956e-002
523.762573 1.118646e-002
523.877930 9.038453e-003
523.993286 1.962684e-003
524.108643 -9.434359e-004
524.223999 9.670218e-003
524.339355 -3.015626e-003
524.454712 1.320810e-002
524.570129 1.244999e-002
524.685486 4.641368e-003
524.800842 1.009982e-002
524.916260 4.590827e-003
525.031616 1.103483e-003
525.147034 6.385040e-003
525.262451 1.368824e-002
525.377808 2.457988e-002
525.493225 3.175673e-003
525.608643 5.172051e-003
525.723999 1.280377e-002
525.839417 7.547488e-003
525.954834 7.901276e-003
526.070251 1.159078e-002
526.185669 9.468053e-003
526.301086 3.959062e-003
526.416504 8.987912e-003
526.531921 2.720802e-003
526.647400 -5.896474e-004
526.762817 9.493324e-003
526.878235 -4.708756e-003
526.993652 -3.369414e-005
527.109131 1.987954e-003
527.224548 2.922967e-003
527.340027 3.200943e-003
527.455444 7.623299e-003
527.570923 8.861559e-003
527.686401 1.495177e-002
527.801819 2.442825e-004
527.917297 4.237038e-003
528.032776 5.323675e-003
528.148254 2.821884e-003
528.263733 -5.264710e-003
528.379211 8.760476e-004
528.494690 1.722613e-002
528.610168 9.771301e-004
528.725647 2.543908e-003
528.841125 6.258687e-003
528.956604 -1.044518e-003
529.072083 9.670218e-003
529.187622 5.879628e-003
529.303101 1.234890e-002
529.418579 -5.921745e-003
529.534119 9.063724e-003
529.649597 1.285432e-002
529.765137 1.482542e-003
529.880676 4.262309e-003
529.996155 6.359769e-003
530.111694 6.486122e-003
530.227234 8.684665e-003
530.342773 -4.632944e-004
530.458252 5.146780e-003
530.573792 8.507770e-003
530.689331 6.031252e-003
530.804871 2.114307e-003
530.920410 6.182875e-003
531.035950 6.612475e-003
531.151550 5.525839e-003
531.267090 4.489745e-003
531.382629 4.717180e-004
531.498169 8.255064e-003
531.613770 6.486122e-003
531.729309 3.327297e-003
531.844910 -6.679864e-003
531.960449 3.605273e-003
532.076050 9.569136e-003
532.191589 1.533083e-002
532.307190 1.720086e-002
532.422791 -1.423577e-003
532.538330 9.139536e-003
532.653931 2.897696e-003
532.769531 1.469907e-002
532.885132 8.558311e-003
533.000732 4.110685e-003
533.116333 8.912100e-003
533.231934 1.330919e-003
533.347534 1.032725e-002
533.463135 8.659394e-003
533.578796 3.125132e-003
533.694397 1.277850e-002
533.809998 4.413933e-003
533.925659 1.290486e-002
534.041260 4.060144e-003
534.156860 8.760476e-004
534.272522 9.114265e-003
534.388123 3.959062e-003
534.503784 2.200227e-002
534.619446 7.092617e-003
534.735046 4.060144e-003
534.850708 1.042834e-002
534.966370 5.854357e-003
535.082031 8.482500e-003
535.197693 5.197322e-003
535.313354 7.269511e-003
535.429016 2.847155e-003
535.544678 1.052942e-002
535.660339 5.955440e-003
535.776001 1.040307e-002
535.891663 2.291202e-003
536.007385 6.081793e-003
536.123047 4.590827e-003
536.238708 4.034874e-003
536.354431 2.265931e-003
536.470093 -6.427158e-003
536.585815 4.944615e-003
536.701477 8.052900e-003
536.817200 1.300594e-002
536.932861 9.013183e-004
537.048584 6.789370e-003
537.164307 -5.896475e-005
537.280029 1.692288e-002
537.395691 9.240618e-003
537.511414 1.305648e-003
537.627136 1.330919e-002
537.742859 4.060144e-003
537.858582 1.196984e-002
537.974304 6.511393e-003
538.090088 4.969886e-003
538.205811 3.352567e-003
538.321533 9.240618e-003
538.437256 9.720759e-003
538.553040 1.262688e-002
538.668762 3.782167e-003
538.784485 4.717180e-003
538.900269 -1.322495e-003
539.015991 6.385040e-003
539.131775 1.040307e-002
539.247559 5.222592e-004
539.363281 2.190119e-004
539.479065 1.335973e-002
539.594849 3.706356e-003
539.710632 9.771301e-004
539.826416 8.103441e-003
539.942139 4.338121e-003
540.057922 1.490123e-002
540.173706 3.655814e-003
540.289551 1.111064e-002
540.405334 8.684665e-003
540.521118 3.857979e-003
540.636902 2.468096e-003
540.752686 5.702734e-003
540.868530 1.343554e-002
540.984314 9.341701e-003
541.100098 8.583583e-003
541.215942 1.002401e-002
541.331726 4.515015e-003
541.447571 1.432001e-003
541.563416 1.138862e-002
541.679199 4.161227e-003
541.795044 6.839911e-003
541.910889 2.162321e-002
542.026672 4.060144e-003
542.142517 1.330919e-002
542.258362 6.031252e-003
542.374207 3.125132e-003
542.490051 1.068104e-002
542.605896 7.496946e-004
542.721741 8.482500e-003
542.837585 3.655814e-003
542.953491 9.316430e-003
543.069336 4.211768e-003
543.185181 3.630544e-003
543.301025 1.287959e-002
543.416931 -4.178074e-003
543.532776 1.204566e-002
543.648682 1.234890e-002
543.764526 -1.600472e-004
543.880432 5.753275e-003
543.996338 6.561934e-003
544.112183 -1.600472e-003
544.228088 5.728004e-003
544.343994 3.681085e-003
544.459900 7.370593e-003
544.575745 6.991535e-004
544.691650 -3.091438e-003
544.807556 1.073158e-002
544.923462 6.865181e-003
545.039368 7.345323e-003
545.155273 3.024049e-003
545.271240 1.836331e-002
545.387146 1.128754e-002
545.503052 2.038496e-003
545.618958 1.194457e-002
545.734924 1.376406e-002
545.850830 3.959062e-003
545.966797 1.128754e-003
546.082703 1.836331e-003
546.198669 1.138862e-002
546.314575 9.948195e-003
546.430542 8.760476e-003
546.546509 9.392242e-003
546.662415 6.587205e-003
546.778381 9.720759e-003
546.894348 7.370593e-003
547.010315 4.818262e-003
547.126282 3.529461e-003
547.242249 2.847155e-003
547.358215 1.057996e-002
547.474182 -1.196142e-003
547.590149 -6.553511e-003
547.706116 -1.651013e-003
547.822083 1.732721e-002
547.938110 -2.611296e-004
548.054077 8.735206e-003
548.170044 3.099861e-003
548.286072 1.255107e-002
548.402039 8.027629e-003
548.518066 5.677463e-003
548.634033 1.684707e-002
548.750061 1.126227e-002
548.866028 9.063724e-003
548.982056 7.193699e-003
549.098083 -5.138356e-004
549.214111 1.406730e-003
549.330078 8.709935e-003
549.446106 6.182875e-003
549.562134 6.081793e-003
549.678162 8.204523e-003
549.794189 1.277850e-002
549.910217 1.533083e-003
550.026245 9.973465e-003
550.142334 -2.156425e-003
550.258362 1.141389e-002
550.374390 1.482542e-003
550.490417 4.262309e-003
550.606506 4.161227e-003
550.722534 6.663017e-003
550.838623 3.706356e-003
550.954651 1.348608e-002
551.070740 1.191930e-002
551.186768 5.247863e-003
551.302856 5.323675e-003
551.418884 1.434528e-002
551.534973 1.464853e-002
551.651062 2.948237e-003
551.767151 7.471676e-003
551.883240 9.493324e-003
551.999329 9.543866e-003
552.115417 2.013225e-003
552.231506 8.406688e-003
552.347595 1.363770e-002
552.463684 5.121510e-003
552.579773 6.056522e-003
552.695862 1.308175e-002
552.811951 1.083267e-002
552.928101 -8.423536e-004
553.044189 5.399486e-003
553.160278 3.504191e-003
553.276428 1.664491e-002
553.392517 8.179253e-003
553.508667 6.005981e-003
553.624817 7.143158e-003
553.740906 4.161227e-003
553.857056 -1.979531e-003
553.973206 9.493324e-003
554.089294 1.156551e-002
554.205444 7.345323e-003
554.321594 9.670218e-003
554.437744 7.320052e-003
554.553894 5.121510e-003
554.670044 6.940993e-003
554.786194 7.800194e-003
554.902344 6.132334e-003
555.018494 1.042834e-002
555.134644 1.126227e-002
555.250854 -5.391063e-004
555.367004 1.002401e-002
555.483154 1.373879e-002
555.599365 1.912142e-003
555.715515 6.511393e-003
555.831726 1.128754e-003
555.947876 3.024049e-003
556.064087 4.312850e-003
556.180237 7.244240e-003
556.296448 -6.856758e-003
556.412659 5.500569e-003
556.528809 2.973508e-003
556.645020 1.148970e-002
556.761230 5.728004e-003
556.877441 4.312850e-003
556.993652 7.901276e-003
557.109863 3.453649e-004
557.226074 1.507813e-003
557.342285 6.966264e-003
557.458496 7.648570e-003
557.574707 6.208146e-003
557.690918 6.435581e-003
557.807190 8.128712e-003
557.923401 -4.051721e-003
558.039612 1.522975e-002
558.155884 1.078213e-003
558.272095 -1.423577e-003
558.388367 9.139536e-003
558.504578 8.305606e-003
558.620850 1.330919e-003
558.737061 1.583625e-003
558.853333 -1.701554e-003
558.969604 -4.986733e-003
559.085876 5.728004e-004
559.202087 1.239944e-002
559.318359 5.096239e-003
559.434631 1.922251e-002
559.550903 1.497705e-002
559.667175 1.464853e-002
559.783447 9.821842e-003
559.899719 6.738828e-003
560.015991 7.117887e-003
560.132324 -3.773744e-003
560.248596 4.338121e-003
560.364868 7.547488e-003
560.481201 8.760476e-003
560.597473 1.093375e-002
560.713745 3.959062e-004
560.830078 1.621531e-002
560.946350 1.621531e-002
561.062683 4.818262e-003
561.178955 1.689761e-002
561.295288 8.962641e-003
561.411621 1.310702e-002
561.527954 5.374216e-003
561.644226 1.409257e-002
561.760559 1.783262e-002
561.876892 1.244999e-002
561.993225 4.211768e-003
562.109558 1.159078e-002
562.225891 1.386514e-002
562.342224 1.366297e-002
562.458557 6.258687e-003
562.574890 4.590827e-003
562.691223 2.543908e-003
562.807617 7.244240e-004
562.923950 1.861601e-003
563.040283 6.233416e-003
563.156677 -2.206966e-003
563.273010 7.648570e-003
563.389404 -3.217791e-003
563.505737 1.209620e-002
563.622131 3.302026e-003
563.738464 5.096239e-003
563.854858 2.872426e-003
563.971252 -8.423536e-004
564.087585 6.208146e-003
564.203979 2.619720e-003
564.320374 5.020427e-003
564.436768 -3.672661e-003
564.553162 2.468096e-003
564.669556 9.190077e-003
564.785950 6.486122e-003
564.902344 5.399486e-003
565.018738 5.273133e-003
565.135132 9.392242e-003
565.251526 1.171714e-002
565.367981 5.172051e-003
565.484375 4.616098e-003
565.600769 4.894074e-003
565.717224 2.569178e-003
565.833618 9.164806e-003
565.950073 1.937413e-002
566.066467 1.161605e-002
566.182922 1.598787e-002
566.299316 2.594449e-003
566.415771 1.229836e-003
566.532227 5.930169e-003
566.648621 7.648570e-003
566.765076 -8.928947e-004
566.881531 9.088995e-003
566.997986 -6.351346e-003
567.114441 4.363391e-003
567.230896 6.814640e-003
567.347351 -2.687108e-003
567.463806 6.182875e-003
567.580261 3.251485e-003
567.696716 8.280335e-003
567.813171 6.764099e-003
567.929688 1.414312e-002
568.046143 1.159078e-002
568.162598 1.760519e-003
568.279114 7.244240e-003
568.395569 -2.813461e-003
568.512024 1.813587e-002
568.628540 5.829087e-003
568.744995 2.015752e-002
568.861511 1.507813e-002
568.978027 6.309228e-003
569.094482 9.771301e-003
569.210999 1.386514e-002
569.327515 6.637746e-003
569.444031 1.308175e-002
569.560547 6.233416e-003
569.677063 2.089037e-003
569.793579 5.829087e-003
569.910095 4.894074e-003
570.026611 1.242471e-002
570.143127 -1.221413e-003
570.259644 -4.885651e-003
570.376160 4.287580e-003
570.492676 1.376406e-002
570.609192 1.987954e-003
570.725769 1.057996e-002
570.842285 6.081793e-003
570.958862 -4.885651e-004
571.075378 5.879628e-003
571.191956 1.015036e-002
571.308472 -1.170871e-003
571.425049 1.070631e-002
571.541565 1.310702e-002
571.658142 1.073158e-002
571.774719 8.659394e-003
571.891235 1.100956e-002
572.007813 9.392242e-003
572.124390 1.922251e-002
572.240967 6.486122e-003
572.357544 1.186876e-002
572.474121 4.944615e-003
572.590698 2.998779e-003
572.707275 -1.903719e-003
572.823853 -1.878448e-003
572.940430 1.128754e-003
573.057007 2.215390e-003
573.173645 1.474961e-002
573.290222 1.424420e-002
573.406799 2.746073e-003
573.523438 1.007455e-002
573.640015 6.309228e-003
573.756653 1.108537e-002
573.873230 4.944615e-003
573.989868 1.007455e-002
574.106445 7.370593e-003
574.223083 6.637746e-003
574.339722 5.652192e-003
574.456299 1.330919e-003
574.572937 5.424757e-003
574.689575 3.630544e-003
574.806213 1.075685e-002
574.922852 5.753275e-003
575.039490 -4.683486e-003
575.156128 8.684665e-003
575.272766 8.785747e-003
575.389404 5.424757e-003
575.506042 -3.874826e-004
575.622681 3.529461e-003
575.739319 3.099861e-003
575.856018 2.493366e-003
575.972656 -2.434402e-003
576.089294 1.244999e-002
576.205994 -1.827907e-003
576.322632 1.482542e-003
576.439331 5.348945e-003
576.555969 8.052900e-003
576.672668 1.310702e-002
576.789307 -2.257508e-003
576.906006 -3.116708e-004
577.022705 1.811060e-003
577.139343 4.363391e-003
577.256042 4.439203e-003
577.372742 1.310702e-002
577.489441 6.283958e-003
577.606140 7.926547e-003
577.722839 1.204566e-003
577.839539 7.648570e-003
577.956238 5.551110e-003
578.072937 6.132334e-003
578.189636 1.689761e-002
578.306335 4.287580e-003
578.423096 -2.105884e-004
578.539795 1.098429e-002
578.656494 1.386514e-002
578.773254 1.624058e-002
578.889954 1.396622e-002
579.006653 1.555827e-002
579.123413 1.439582e-002
579.240112 3.756897e-003
579.356873 1.315756e-002
579.473633 8.533041e-003
579.590332 5.677463e-003
579.707092 4.110685e-003
579.823853 -4.380238e-004
579.940613 -5.391063e-004
580.057312 1.684707e-003
580.174072 1.861601e-003
580.290833 1.361243e-002
580.407593 8.280335e-003
580.524353 7.749653e-004
580.641113 7.850735e-003
580.757874 3.703829e-002
580.874634 2.442825e-004
580.991455 6.132334e-003
581.108215 -1.373036e-003
581.224976 -1.575201e-003
581.341736 2.998779e-003
581.458557 2.948237e-004
581.575317 6.258687e-003
581.692139 9.771301e-004
581.808899 6.511393e-003
581.925720 5.980710e-003
582.042480 1.108537e-002
582.159302 8.431959e-003
582.276062 1.285432e-002
582.392883 2.619720e-003
582.509705 1.583625e-002
582.626526 4.565556e-003
582.743286 2.442825e-004
582.860107 1.138862e-002
582.976929 9.392242e-003
583.093750 1.962684e-003
583.210571 4.135956e-003
583.327393 1.381460e-003
583.444214 5.070968e-003
583.561035 7.699111e-003
583.677917 4.489745e-003
583.794739 7.193699e-003
583.911560 1.361243e-002
584.028381 5.829087e-003
584.145264 3.630544e-003
584.262085 1.108537e-002
584.378967 5.980710e-004
584.495789 1.661964e-002
584.612671 3.756897e-003
584.729492 4.186497e-003
584.846375 1.300594e-002
584.963196 5.803816e-003
585.080078 1.356189e-002
585.196960 4.515015e-003
585.313843 8.330876e-003
585.430664 1.416839e-002
585.547546 1.507813e-003
585.664429 7.168429e-003
585.781311 1.305648e-003
585.898193 6.132334e-003
586.015076 2.559070e-002
586.131958 6.663017e-003
586.248840 5.955440e-003
586.365723 9.771301e-003
586.482666 9.417512e-003
586.599548 -2.257508e-003
586.716431 1.080740e-002
586.833313 8.280335e-003
586.950256 1.154024e-002
587.067139 1.196984e-002
587.184082 9.215347e-003
587.300964 8.482500e-003
587.417908 1.593733e-002
587.534790 8.027629e-003
587.651733 1.639220e-002
587.768616 4.540286e-003
587.885559 1.545719e-002
588.002502 1.209620e-002
588.119446 2.303837e-002
588.236389 1.715032e-002
588.353271 -1.777366e-003
588.470215 5.323675e-003
588.587158 5.247863e-003
588.704102 2.897696e-003
588.821045 1.987954e-003
588.937988 5.778545e-003
589.054993 4.085415e-003
589.171936 4.641368e-003
589.288879 1.202038e-002
589.405823 2.872426e-003
589.522766 8.608853e-003
589.639771 1.085794e-002
589.756714 1.750411e-002
589.873718 1.421893e-002
589.990662 9.922924e-003
590.107666 7.269511e-003
590.224609 2.771343e-003
590.341614 9.771301e-003
590.458557 1.179295e-002
590.575562 4.338121e-003
590.692566 5.197322e-003
590.809509 1.052942e-002
590.926514 3.200943e-004
591.043518 8.962641e-003
591.160522 6.460852e-003
591.277527 8.103441e-003
591.394531 1.204566e-003
591.511536 2.190119e-004
591.628540 3.074590e-003
591.745544 1.507813e-003
591.862549 1.656909e-002
591.979553 4.287580e-003
592.096558 2.190119e-003
592.213623 4.034874e-003
592.330627 5.551110e-003
592.447632 1.361243e-002
592.564697 1.975319e-002
592.681702 1.078213e-002
592.798767 1.760519e-002
592.915771 2.821884e-003
593.032837 9.518595e-003
593.149841 1.308175e-002
593.266907 3.120078e-002
593.383972 2.212863e-002
593.500977 6.890452e-003
593.618042 5.323675e-003
593.735107 1.502759e-002
593.852173 8.305606e-003
593.969238 1.353662e-002
594.086243 1.131281e-002
594.203308 4.843533e-003
594.320374 8.583583e-003
594.437439 9.038453e-003
594.554565 1.353662e-002
594.671631 2.791560e-002
594.788696 7.395864e-003
594.905762 3.403108e-003
595.022827 8.153982e-003
595.139954 1.406730e-002
595.257019 1.318283e-002
595.374084 5.601651e-003
595.491211 6.637746e-003
595.608276 1.937413e-002
595.725403 1.886872e-003
595.842468 1.161605e-002
595.959595 2.468096e-003
596.076660 4.969886e-004
596.193787 1.555827e-002
596.310913 1.449690e-002
596.428040 6.561934e-003
596.545105 5.070968e-003
596.662231 1.591206e-002
596.779358 -3.369414e-005
596.896484 7.572758e-003
597.013611 9.063724e-003
597.130737 2.018279e-002
597.247864 5.879628e-003
597.364990 8.886830e-003
597.482117 1.108537e-002
597.599243 6.688287e-003
597.716370 3.024049e-003
597.833557 1.565935e-002
597.950684 -1.853178e-004
598.067810 1.012509e-002
598.184998 6.940993e-003
598.302124 1.196984e-002
598.419250 2.346797e-002
598.536438 5.475298e-004
598.653564 1.275323e-002
598.770752 4.540286e-003
598.887939 -5.138356e-004
599.005066 3.554732e-003
599.122253 -2.788190e-003
599.239441 1.449690e-002
599.356567 5.904899e-003
599.473755 1.060523e-002
599.590942 4.034874e-003
599.708130 1.576043e-002
599.825317 3.605273e-003
599.942505 2.033442e-002
600.059692 6.865181e-003
600.176880 6.738828e-003
600.294067 6.359769e-003
600.411255 7.370593e-003
600.528442 8.482500e-003
600.645691 1.009982e-002
600.762878 3.453649e-004
600.880066 1.406730e-003
600.997253 1.214674e-002
601.114502 5.247863e-003
601.231689 9.013182e-003
601.348938 7.572758e-003
601.466125 2.061239e-002
601.583374 2.468096e-003
601.700562 9.038453e-003
601.817810 1.237417e-002
601.935059 1.009982e-002
602.052246 1.540665e-002
602.169495 1.161605e-002
602.286743 3.605273e-003
602.403992 2.708167e-002
602.521179 5.424757e-003
602.638428 1.229836e-002
602.755676 2.594449e-003
602.872925 2.089037e-003
602.990173 3.302026e-003
603.107422 1.363770e-002
603.224670 1.032725e-002
603.341980 -2.232237e-003
603.459229 1.298067e-002
603.576477 7.623299e-003
603.693726 5.879628e-003
603.810974 3.453650e-003
603.928284 8.431959e-003
604.045532 1.432001e-003
604.162842 -2.864002e-003
604.280090 5.146780e-003
604.397400 1.416839e-002
604.514648 3.731626e-003
604.631958 5.374216e-003
604.749207 1.037780e-002
604.866516 1.237417e-002
604.983826 1.553300e-002
605.101074 6.005981e-003
605.218384 -7.160005e-004
605.335693 1.553300e-002
605.453003 8.583583e-003
605.570313 4.489745e-003
605.687622 1.485069e-002
605.804932 8.128712e-003
605.922241 7.951817e-003
606.039551 7.244240e-003
606.156860 7.421135e-003
606.274170 8.760476e-003
606.391479 7.345323e-003
606.508789 -2.459672e-003
606.626160 1.780735e-002
606.743469 4.843533e-003
606.860779 1.669545e-002
606.978149 1.886872e-003
607.095459 5.146780e-003
607.212830 1.159078e-002
607.330139 4.338121e-003
607.447510 2.081456e-002
607.564819 5.854357e-003
607.682190 1.154024e-002
607.799500 1.573516e-002
607.916870 8.229794e-003
608.034241 9.897654e-003
608.151611 1.477488e-002
608.268921 -1.347766e-004
608.386292 1.760519e-003
608.503662 5.829087e-003
608.621033 1.535610e-002
608.738403 1.725140e-002
608.855774 1.060523e-002
608.973145 9.796572e-003
609.090515 1.449690e-002
609.207886 2.695531e-003
609.325256 1.052942e-002
609.442688 1.565935e-002
609.560059 1.707451e-002
609.677429 1.184349e-002
609.794861 1.684707e-002
609.912231 1.111064e-002
610.029602 1.656909e-002
610.147034 1.722613e-002
610.264404 2.215390e-002
610.381836 2.038496e-002
610.499207 1.093375e-002
610.616638 2.619720e-002
610.734009 2.078929e-002
610.851440 3.375310e-002
610.968872 3.893358e-002
611.086304 3.708883e-002
611.203674 4.257255e-002
611.321106 4.055090e-002
611.438538 3.847871e-002
611.555969 3.003833e-002
611.673401 3.754370e-002
611.790833 2.288675e-002
611.908264 3.112496e-002
612.025696 2.993724e-002
612.143127 2.892642e-002
612.260559 1.505286e-002
612.377991 3.011414e-002
612.495483 1.570989e-002
612.612915 2.432717e-002
612.730347 2.867371e-002
612.847839 1.525502e-002
612.965271 7.446405e-003
613.082703 1.459799e-002
613.200195 1.866655e-002
613.317627 2.670261e-002
613.435120 9.821842e-003
613.552551 1.270269e-002
613.670044 1.111064e-002
613.787537 1.323337e-002
613.904968 9.695489e-003
614.022461 2.445352e-002
614.139954 1.505286e-002
614.257446 2.394811e-002
614.374878 1.439582e-002
614.492371 3.312134e-002
614.609863 1.672072e-002
614.727356 8.229794e-003
614.844849 6.637746e-003
614.962341 1.159078e-002
615.079834 1.533083e-002
615.197327 1.194457e-002
615.314880 2.078929e-002
615.432373 7.193699e-003
615.549866 2.172430e-002
615.667358 2.341743e-003
615.784912 1.399149e-002
615.902405 1.469907e-002
616.019897 1.315756e-002
616.137451 2.043550e-002
616.254944 6.132334e-003
616.372498 1.148970e-002
616.489990 1.361243e-002
616.607544 8.836289e-003
616.725037 1.073158e-002
616.842590 1.871710e-002
616.960144 1.232363e-002
617.077637 7.143158e-003
617.195190 7.876006e-003
617.312744 2.046077e-002
617.430298 6.208146e-003
617.547852 1.937413e-002
617.665405 1.012509e-002
617.782959 2.089037e-002
617.900513 7.042076e-003
618.018066 7.876006e-003
618.135620 4.085415e-003
618.253174 5.070968e-003
618.370728 9.872383e-003
618.488281 1.838858e-002
618.605835 1.495177e-002
618.723450 1.828749e-002
618.841003 1.383987e-002
618.958557 6.208146e-003
619.076172 3.175673e-003
619.193726 1.861601e-003
619.311279 -4.632944e-004
619.428894 1.262688e-002
619.546448 1.760519e-003
619.664063 9.291160e-003
619.781677 1.856547e-002
619.899231 1.674599e-002
620.016846 3.984332e-003
620.134460 7.143158e-003
620.252014 1.437055e-002
620.369629 8.886830e-003
620.487244 4.919345e-003
620.604858 1.252580e-002
620.722473 1.962684e-003
620.840088 1.280377e-002
620.957703 1.255107e-002
621.075317 1.156551e-002
621.192932 7.244240e-004
621.310547 2.038496e-002
621.428162 7.244240e-003
621.545776 1.015036e-002
621.663391 9.063724e-003
621.781067 3.125132e-003
621.898682 1.472434e-002
622.016296 1.570989e-002
622.133911 9.847113e-003
622.251587 2.240660e-003
622.369202 1.075685e-002
622.486877 8.356147e-003
622.604492 6.966264e-003
622.722168 4.565556e-003
622.839783 3.352567e-003
622.957458 2.187592e-002
623.075134 7.294782e-003
623.192749 5.020427e-003
623.310425 5.247863e-003
623.428101 8.457229e-003
623.545776 1.310702e-002
623.663391 1.093375e-002
623.781067 1.032725e-002
623.898743 1.674599e-002
624.016418 1.325864e-002
624.134094 1.212147e-002
624.251770 8.128712e-003
624.369446 8.507770e-003
624.487122 9.847113e-003
624.604858 1.057996e-002
624.722534 2.316472e-003
624.840210 1.265215e-002
624.957886 7.598029e-003
625.075562 1.924778e-002
625.193298 1.485069e-002
625.310974 9.063724e-003
625.428711 3.428379e-003
625.546387 1.116118e-002
625.664063 1.467380e-002
625.781799 1.118646e-002
625.899536 1.275323e-002
626.017212 1.209620e-002
626.134949 1.262688e-002
626.252625 1.464853e-002
626.370361 7.269511e-003
626.488098 1.646801e-002
626.605835 -2.939814e-003
626.723511 7.774923e-003
626.841248 1.285432e-002
626.958984 7.370593e-003
627.076721 5.930169e-003
627.194458 7.370593e-003
627.312195 1.490123e-002
627.429932 6.359769e-003
627.547668 8.431959e-003
627.665405 2.329108e-002
627.783142 1.396622e-002
627.900879 8.457229e-003
628.018677 1.570989e-002
628.136414 1.535610e-002
628.254150 3.706356e-003
628.371887 1.899507e-002
628.489685 7.244240e-004
628.607422 -1.701554e-003
628.725220 6.334499e-003
628.842957 7.244240e-003
628.960754 1.131281e-002
629.078491 1.421893e-002
629.196289 1.899507e-002
629.314026 9.139536e-003
629.431824 7.269511e-003
629.549622 6.511393e-003
629.667358 6.410311e-003
629.785156 1.308175e-002
629.902954 3.529461e-003
630.020752 7.850735e-003
630.138550 2.518637e-003
630.256348 1.432001e-002
630.374146 1.313229e-002
630.491943 3.241377e-002
630.609741 1.002401e-002
630.727539 1.565935e-002
630.845337 1.060523e-002
630.963135 1.811060e-002
631.080933 5.728004e-003
631.198730 1.722613e-002
631.316528 1.270269e-002
631.434387 1.649328e-002
631.552185 1.133808e-002
631.669983 1.912143e-002
631.787842 1.621531e-002
631.905640 6.385040e-003
632.023499 1.601314e-002
632.141296 5.753275e-003
632.259155 1.244999e-002
632.376953 2.099145e-002
632.494812 1.962684e-003
632.612610 1.030198e-002
632.730469 1.207093e-002
632.848328 8.861559e-003
632.966125 1.214674e-002
633.083984 8.103441e-003
633.201843 1.257634e-002
633.319702 1.927305e-002
633.437561 1.151497e-002
633.555420 6.208146e-003
633.673279 1.179295e-003
633.791138 1.970265e-002
633.908997 1.512867e-002
634.026855 6.233416e-003
634.144714 1.768100e-002
634.262573 4.034874e-003
634.380432 9.417512e-003
634.498291 1.047888e-002
634.616211 4.262309e-003
634.734070 8.709935e-003
634.851929 9.695489e-003
634.969788 2.154740e-002
635.087708 1.447163e-002
635.205566 2.897696e-003
635.323486 8.709935e-003
635.441345 6.814640e-003
635.559265 2.442825e-003
635.677124 1.371352e-002
635.795044 1.042834e-002
635.912964 1.305648e-002
636.030823 1.555827e-002
636.148743 -2.813461e-003
636.266663 1.459799e-002
636.384521 1.004928e-002
636.502441 5.424757e-003
636.620361 2.796614e-003
636.738281 8.002358e-004
636.856201 1.080740e-002
636.974121 9.013182e-003
637.092041 5.702734e-003
637.209961 5.879628e-003
637.327881 8.785747e-003
637.445801 3.731626e-003
637.563721 7.977088e-003
637.681641 1.444636e-002
637.799622 -1.853178e-003
637.917542 -2.813461e-003
638.035461 6.663017e-003
638.153381 1.174241e-002
638.271362 4.767721e-003
638.389282 7.547488e-003
638.507263 7.320052e-003
638.625183 1.573516e-002
638.743103 6.107063e-003
638.861084 4.944615e-003
638.979065 1.202038e-002
639.096985 6.536664e-003
639.214966 8.760476e-003
639.332886 1.709978e-003
639.450867 1.050415e-002
639.568848 5.348945e-003
639.686829 1.126227e-002
639.804749 1.080740e-002
639.922729 6.991534e-003
640.040710 1.194457e-002
640.158691 6.486122e-003
640.276672 2.473150e-002
640.394653 1.017563e-002
640.512634 2.417555e-003
640.630615 1.366297e-002
640.748596 7.547488e-003
640.866577 9.543866e-003
640.984558 8.987912e-003
641.102600 7.395864e-003
641.220581 5.753275e-003
641.338562 1.244999e-002
641.456543 5.652192e-003
641.574585 3.580003e-003
641.692566 2.771343e-003
641.810547 2.392284e-003
641.928589 1.644274e-002
642.046570 7.598029e-003
642.164612 9.341701e-003
642.282593 -1.145601e-003
642.400635 -3.394685e-003
642.518677 6.233416e-004
642.636658 8.179253e-003
642.754700 -1.954260e-003
642.872742 1.073158e-002
642.990723 1.634166e-002
643.108765 1.098429e-002
643.226807 -2.914543e-003
643.344849 6.258687e-003
643.462891 -8.423535e-006
643.580933 1.338500e-002
643.698975 8.886830e-003
643.817017 4.211768e-004
643.935059 -2.965085e-003
644.053101 -4.279156e-003
644.171143 1.672072e-002
644.289185 1.535610e-002
644.407227 1.045361e-002
644.525269 1.356189e-003
644.643311 1.406730e-003
644.761414 1.262688e-002
644.879456 5.904899e-003
644.997498 1.237417e-002
645.115601 1.047888e-002
645.233643 8.229794e-003
645.351746 1.027671e-003
645.469788 6.435581e-003
645.587830 5.348945e-003
645.705933 2.619720e-003
645.824036 8.280335e-003
645.942078 6.233416e-003
646.060181 1.032725e-002
646.178284 3.302026e-003
646.296326 9.442783e-003
646.414429 1.063050e-002
646.532532 8.078170e-003
646.650635 8.735206e-003
646.768677 8.785747e-003
646.886780 6.359769e-003
647.004883 1.432001e-004
647.122986 4.792992e-003
647.241089 3.807438e-003
647.359192 1.818641e-002
647.477295 7.471676e-003
647.595398 6.536664e-003
647.713501 5.424757e-003
647.831665 2.089037e-003
647.949768 4.969886e-003
648.067871 9.998737e-003
648.185974 1.075685e-002
648.304138 8.785747e-003
648.422241 -3.571579e-003
648.540344 8.937371e-003
648.658508 -5.391063e-004
648.776611 4.439203e-003
648.894775 3.074590e-003
649.012878 1.641747e-002
649.131042 8.002358e-003
649.249146 1.371352e-002
649.367310 8.052900e-003
649.485413 8.962641e-003
649.603577 -3.116708e-004
649.721741 1.277850e-002
649.839844 7.496946e-003
649.958008 1.937413e-003
650.076172 7.774923e-003
650.194336 -2.611296e-004
650.312500 6.890452e-003
650.430664 4.969886e-003
650.548767 6.511393e-003
650.666931 9.240618e-003
650.785095 3.453649e-004
650.903259 1.113591e-002
651.021484 2.796614e-003
651.139648 1.452218e-002
651.257813 6.738828e-003
651.375977 1.464853e-002
651.494141 1.939940e-002
651.612305 8.482500e-003
651.730530 3.605273e-003
651.848694 6.764099e-003
651.966858 9.190077e-003
652.085083 -3.849556e-003
652.203247 6.334499e-003
652.321472 1.583625e-002
652.439636 9.442783e-003
652.557800 5.172051e-003
652.676025 6.460852e-003
652.794250 7.598029e-003
652.912415 1.535610e-002
653.030640 1.697342e-002
653.148804 1.740302e-002
653.267029 1.836331e-002
653.385254 2.771343e-003
653.503479 1.558354e-002
653.621704 9.063724e-003
653.739868 1.030198e-002
653.858093 1.813587e-002
653.976318 6.435581e-003
654.094543 4.666639e-003
654.212769 1.490123e-002
654.330994 9.190077e-003
654.449219 3.832709e-003
654.567444 7.269511e-003
654.685669 2.174957e-002
654.803894 1.255107e-003
654.922180 1.027671e-002
655.040405 7.800194e-003
655.158630 -1.827907e-003
655.276855 1.318283e-002
655.395142 9.341701e-003
655.513367 1.389041e-002
655.631592 -1.095060e-003
655.749878 1.381460e-003
655.868103 1.707451e-002
655.986389 1.265215e-002
656.104614 3.706356e-003
656.222900 1.179295e-002
656.341125 6.764099e-003
656.459412 1.083267e-002
656.577637 -3.672661e-003
656.695923 -3.571579e-003
656.814209 3.478920e-003
656.932434 4.060144e-003
657.050720 1.747884e-002
657.169006 1.366297e-002
657.287292 1.063050e-002
657.405579 5.904899e-003
657.523865 1.113591e-002
657.642090 2.063766e-003
657.760376 1.118646e-002
657.878662 5.348945e-003
657.996948 2.344270e-002
658.115234 1.308175e-002
658.233582 7.496946e-003
658.351868 1.818641e-002
658.470154 8.052900e-003
658.588440 2.569178e-003
658.706726 1.093375e-002
658.825012 1.507813e-002
658.943359 2.341743e-003
659.061646 5.829087e-003
659.179932 2.038496e-002
659.298279 1.720086e-002
659.416565 1.689761e-002
659.534912 7.218970e-003
659.653198 -1.651013e-003
659.771545 3.959062e-003
659.889832 -1.549931e-003
660.008179 -8.423535e-005
660.126465 1.745356e-002
660.244812 4.186497e-003
660.363159 1.065577e-002
660.481445 1.583625e-002
660.599792 1.555827e-002
660.718140 1.315756e-002
660.836487 2.215390e-002
660.954834 1.800952e-002
661.073120 -5.643769e-004
661.191467 7.269511e-003
661.309814 1.176768e-002
661.428162 1.533083e-002
661.546509 1.346081e-002
661.664856 4.792992e-003
661.783203 8.886830e-003
661.901550 5.475298e-003
662.019897 5.424757e-003
662.138306 8.912100e-003
662.256653 1.715032e-002
662.375000 1.535610e-002
662.493347 1.280377e-003
662.611755 -5.896475e-005
662.730103 2.303837e-002
662.848450 -3.622120e-004
662.966858 -1.398307e-003
663.085205 5.576381e-003
663.203552 1.111064e-002
663.321960 5.450028e-003
663.440308 8.255065e-004
663.558716 1.464853e-002
663.677124 3.276755e-003
663.795471 6.385040e-003
663.913879 1.320810e-002
664.032227 1.007455e-002
664.150635 1.510340e-002
664.269043 7.749653e-004
664.387451 8.937371e-003
664.505798 1.131281e-002
664.624207 4.717180e-003
664.742615 1.383987e-002
664.861023 9.013182e-003
664.979431 9.265888e-003
665.097839 4.767721e-003
665.216248 1.052942e-002
665.334656 6.814640e-003
665.453064 8.128712e-003
665.571472 1.035252e-002
665.689880 2.543908e-003
665.808289 1.993009e-002
665.926697 8.229794e-003
666.045166 1.078213e-002
666.163574 5.045698e-003
666.281982 1.684707e-003
666.400391 5.247863e-003
666.518860 5.702734e-003
666.637268 1.164133e-002
666.755676 2.215390e-003
666.874146 2.720802e-003
666.992554 2.046077e-002
667.111023 7.345323e-003
667.229431 1.656909e-002
667.347900 1.184349e-002
667.466370 6.460852e-003
667.584778 1.533083e-002
667.703247 -1.651013e-003
667.821655 4.287580e-003
667.940125 8.305606e-003
668.058594 1.209620e-002
668.177063 9.291160e-003
668.295471 7.446405e-003
668.413940 4.691909e-003
668.532410 2.746073e-003
668.650879 8.406688e-003
668.769348 9.847113e-003
668.887817 1.098429e-002
669.006287 1.042834e-002
669.124756 5.930169e-003
669.243225 1.581098e-002
669.361694 3.529461e-003
669.480164 4.969886e-003
669.598633 1.330919e-003
669.717102 1.482542e-003
669.835632 1.121173e-002
669.954102 6.182875e-003
670.072571 3.403108e-003
670.191040 9.468053e-003
670.309570 9.998737e-003
670.428040 1.189403e-002
670.546570 2.470623e-002
670.665039 1.227309e-002
670.783508 1.709978e-002
670.902039 1.111064e-002
671.020508 1.912142e-003
671.139038 9.265888e-003
671.257568 5.525839e-003
671.376038 4.262309e-003
671.494568 8.255065e-004
671.613037 1.159078e-002
671.731567 1.017563e-002
671.850098 -1.827907e-003
671.968628 2.225498e-002
672.087097 1.017563e-002
672.205627 1.732721e-002
672.324158 4.262309e-003
672.442688 -8.928947e-004
672.561218 6.688287e-003
672.679749 6.991534e-003
672.798279 7.370593e-003
672.916809 1.626585e-002
673.035339 1.937413e-004
673.153870 2.493366e-003
673.272400 1.191930e-002
673.390930 2.240660e-003
673.509460 1.239944e-002
673.628052 9.695489e-003
673.746582 9.644948e-003
673.865112 7.168429e-003
673.983643 1.012509e-002
674.102234 3.706356e-003
674.220764 1.570989e-002
674.339294 4.919345e-003
674.457886 1.661964e-002
674.576416 2.821884e-003
674.695007 2.644990e-003
674.813538 9.038453e-003
674.932129 4.363391e-003
675.050659 3.908521e-003
675.169250 1.106010e-002
675.287781 1.310702e-002
675.406372 4.237038e-003
675.524963 6.233416e-003
675.643494 6.233416e-003
675.762085 1.057996e-002
675.880676 4.969886e-003
675.999268 -1.853178e-003
676.117859 6.486122e-003
676.236389 1.664491e-002
676.354980 1.050415e-002
676.473572 1.293013e-002
676.592163 4.110685e-003
676.710754 7.926547e-003
676.829346 7.547488e-003
676.947937 1.432001e-002
677.066528 6.132334e-003
677.185120 9.013182e-003
677.303711 9.366971e-003
677.422363 -2.864002e-004
677.540955 1.492650e-002
677.659546 5.879628e-003
677.778137 1.300594e-002
677.896790 1.510340e-002
678.015381 1.247526e-002
678.133972 5.904899e-003
678.252625 2.094091e-002
678.371216 2.190119e-003
678.489807 7.370593e-003
678.608459 4.110685e-003
678.727051 5.247863e-003
678.845703 -8.676241e-004
678.964294 1.684707e-002
679.082947 1.894453e-002
679.201599 1.308175e-002
679.320190 -5.744851e-003
679.438843 2.872426e-003
679.557495 7.648570e-003
679.676086 2.897696e-003
679.794739 8.482500e-003
679.913391 4.135956e-003
680.032043 3.554732e-003
680.150696 3.120078e-002
680.269287 -1.600472e-004
680.387939 6.258687e-003
680.506592 7.092617e-003
680.625244 1.975319e-002
680.743896 1.098429e-002
680.862549 1.987954e-003
680.981201 8.002358e-003
681.099854 4.843533e-003
681.218506 5.273133e-003
681.337219 -8.423535e-005
681.455872 2.417555e-002
681.574524 7.395864e-003
681.693176 9.417512e-003
681.811829 2.215390e-003
681.930542 1.775681e-002
682.049194 3.529461e-003
682.167847 1.025144e-002
682.286560 2.695531e-003
682.405212 2.948237e-003
682.523926 9.973465e-003
682.642578 6.309228e-003
682.761292 1.457272e-003
682.879944 9.670218e-003
682.998657 3.832709e-003
683.117310 8.634124e-003
683.236023 1.785789e-003
683.354675 1.659437e-003
683.473389 1.151497e-002
683.592102 1.194457e-002
683.710815 4.489745e-003
683.829468 1.004928e-002
683.948181 1.381460e-003
684.066895 6.814640e-003
684.185608 5.348945e-003
684.304321 1.457272e-003
684.423035 7.724382e-003
684.541687 1.146443e-002
684.660400 6.663017e-003
684.779114 4.691909e-003
684.897827 2.897696e-003
685.016541 9.442783e-003
685.135315 1.654382e-002
685.254028 -2.864002e-004
685.372742 7.092617e-003
685.491455 2.000590e-002
685.610168 7.320052e-003
685.728882 1.244999e-002
685.847656 1.002401e-003
685.966370 5.904899e-003
686.085083 6.486122e-003
686.203796 1.341027e-002
686.322571 3.504191e-003
686.441284 1.785789e-003
686.560059 1.929832e-002
686.678772 1.439582e-002
686.797546 9.771301e-003
686.916260 1.389041e-002
687.035034 7.218970e-003
687.153748 1.343554e-002
687.272522 8.002358e-004
687.391235 -2.611296e-004
687.510010 3.580003e-003
687.628784 9.594407e-003
687.747498 1.383987e-002
687.866272 7.016805e-003
687.985046 1.219728e-002
688.103821 1.138862e-002
688.222595 1.492650e-002
688.341309 1.998063e-002
688.460083 8.153982e-003
688.578857 1.383987e-002
688.697632 -4.001179e-003
688.816406 1.204566e-002
688.935181 8.052900e-003
689.053955 5.045698e-003
689.172729 2.068820e-002
689.291504 1.576043e-002
689.410278 5.247863e-003
689.529053 9.013182e-003
689.647888 4.666639e-003
689.766663 5.323675e-003
689.885437 9.164806e-003
690.004211 4.211768e-003
690.123047 3.175673e-003
690.241821 1.217201e-002
690.360596 5.803816e-003
690.479431 1.199511e-002
690.598206 5.626922e-003
690.716980 -6.401887e-004
690.835815 1.169187e-002
690.954590 1.308175e-002
691.073425 9.847113e-003
691.192200 7.699111e-003
691.311035 1.752938e-002
691.429810 3.933791e-003
691.548645 1.813587e-002
691.667480 1.098429e-002
691.786255 1.836331e-003
691.905090 5.955440e-003
692.023926 6.031252e-003
692.142761 5.854357e-003
692.261536 8.659394e-003
692.380371 9.543866e-003
692.499207 5.930169e-003
692.618042 9.619677e-003
692.736877 3.049320e-003
692.855713 7.522217e-003
692.974548 1.550773e-002
693.093384 3.049320e-003
693.212219 9.088995e-003
693.331055 1.760519e-003
693.449890 1.424420e-002
693.568726 2.121888e-002
693.687561 2.210336e-002
693.806396 -3.369414e-005
693.925232 1.419366e-002
694.044067 5.980710e-003
694.162964 2.695531e-003
694.281799 1.070631e-002
694.400635 6.637746e-003
694.519470 -6.654593e-004
694.638367 7.143158e-003
694.757202 7.446405e-003
694.876099 1.677126e-002
694.994934 1.015036e-002
695.113770 9.670218e-003
695.232666 7.244240e-004
695.351501 1.818641e-002
695.470398 4.413933e-003
695.589294 3.933791e-003
695.708130 8.912100e-003
695.827026 4.540286e-003
695.945862 1.891926e-002
696.064758 1.280377e-002
696.183655 5.904899e-003
696.302490 9.139536e-003
696.421387 2.417555e-003
696.540283 -1.019248e-003
696.659180 6.157605e-003
696.778076 1.411785e-002
696.896912 5.904899e-003
697.015808 8.684665e-003
697.134705 6.081793e-003
697.253601 -5.391063e-004
697.372498 2.518637e-003
697.491394 8.987912e-003
697.610291 1.015036e-002
697.729187 2.695531e-003
697.848083 8.987912e-003
697.966980 6.031252e-003
698.085938 5.374216e-003
698.204834 1.148970e-002
698.323730 -5.896475e-005
698.442627 6.410311e-003
698.561523 -6.654593e-003
698.680481 8.280335e-003
698.799377 5.728004e-004
698.918274 1.672072e-002
699.037231 2.796614e-003
699.156128 1.406730e-003
699.275024 4.237038e-003
699.393982 9.114265e-003
699.512878 5.146780e-003
699.631836 5.778545e-003
699.750732 9.392242e-003
699.869690 8.128712e-003
699.988586 6.435581e-003
700.107544 8.634124e-003
700.226501 1.136335e-002
700.345398 1.093375e-002
700.464355 9.366971e-003
700.583313 8.255065e-004
700.702209 4.717180e-003
700.821167 6.460852e-003
700.940125 3.655814e-003
701.059082 1.742829e-002
701.178040 8.305606e-003
701.296936 7.496946e-003
701.415894 5.020427e-003
701.534851 6.561934e-003
701.653809 -3.369414e-004
701.772766 1.227309e-002
701.891724 1.727667e-002
702.010681 9.493324e-003
702.129639 3.797330e-002
702.248596 5.601651e-003
702.367554 1.050415e-002
702.486572 1.411785e-002
702.605530 1.535610e-002
702.724487 -6.654593e-004
702.843445 1.798425e-002
702.962402 1.199511e-002
703.081421 9.771301e-004
703.200378 5.475298e-004
703.319336 6.511393e-003
703.438354 1.692288e-002
703.557312 1.740302e-002
703.676270 5.399486e-003
703.795288 8.482500e-003
703.914246 2.569178e-003
704.033264 4.009603e-003
704.152222 4.363391e-003
704.271240 8.811018e-003
704.390198 9.114265e-003
704.509216 1.161605e-002
704.628174 2.543908e-003
704.747192 1.376406e-002
704.866211 1.684707e-003
704.985168 4.060144e-003
705.104187 3.529461e-003
705.223206 8.684665e-003
705.342224 4.792992e-003
705.461182 2.493366e-003
705.580200 5.273133e-003
705.699219 1.303121e-002
705.818237 1.661964e-002
705.937256 6.966264e-003
706.056274 1.611422e-002
706.175293 4.211768e-003
706.294312 3.074590e-003
706.413330 1.020090e-002
706.532349 9.088995e-003
706.651367 1.512867e-002
706.770386 2.033442e-002
706.889404 1.684707e-002
707.008423 3.959062e-003
707.127441 7.269511e-003
707.246460 -3.521038e-003
707.365540 2.367013e-003
707.484558 1.080740e-002
707.603577 8.507771e-004
707.722595 1.161605e-002
707.841675 2.468096e-003
707.960693 1.447163e-002
708.079712 7.648570e-003
708.198792 7.218970e-003
708.317810 1.083267e-002
708.436890 5.222592e-004
708.555908 2.321526e-002
708.674988 8.330876e-003
708.794006 1.836331e-003
708.913086 1.404203e-002
709.032104 1.462326e-002
709.151184 8.052900e-003
709.270203 1.275323e-002
709.389282 6.991534e-003
709.508362 1.133808e-002
709.627380 1.060523e-002
709.746460 1.161605e-002
709.865540 1.813587e-002
709.984619 5.475298e-003
710.103638 1.826222e-002
710.222717 2.210336e-002
710.341797 8.204523e-003
710.460876 1.396622e-002
710.579956 3.908521e-003
710.699036 9.771301e-003
710.818115 6.056522e-003
710.937195 1.277850e-002
711.056274 1.093375e-002
711.175354 1.785789e-003
711.294434 2.720802e-003
711.413513 1.462326e-002
711.532593 7.850735e-003
711.651672 1.169187e-002
711.770752 8.381418e-003
711.889832 5.854357e-003
712.008972 1.510340e-002
712.128052 1.098429e-002
712.247131 6.385040e-003
712.366211 7.926547e-003
712.485352 1.735248e-002
712.604431 -1.701554e-003
712.723511 1.247526e-002
712.842651 1.654382e-002
712.961731 9.139536e-003
713.080872 1.027671e-002
713.199951 9.897654e-003
713.319092 5.525839e-003
713.438171 1.843912e-002
713.557312 2.013225e-003
713.676392 1.179295e-002
713.795532 1.583625e-003
713.914612 1.045361e-002
714.033752 7.598029e-003
714.152893 2.897696e-003
714.271973 5.121510e-003
714.391113 1.300594e-002
714.510254 1.785789e-003
714.629395 1.060523e-002
714.748474 7.648570e-003
714.867615 6.536664e-003
714.986755 1.525502e-002
715.105896 -3.672661e-003
715.225037 4.919345e-003
715.344177 4.641368e-003
715.463318 1.298067e-002
715.582397 3.832709e-003
715.701538 9.366971e-003
715.820679 5.626922e-003
715.939880 1.381460e-002
716.059021 1.565935e-002
716.178162 1.831277e-002
716.297302 9.695489e-003
716.416443 7.496946e-003
716.535583 8.153982e-003
716.654724 5.450028e-003
716.773865 5.121510e-003
716.893066 6.233416e-003
717.012207 2.038496e-003
717.131348 1.004928e-002
717.250488 4.818262e-003
717.369690 -1.928990e-003
717.488831 6.460852e-003
717.608032 5.803816e-003
717.727173 3.024049e-003
717.846313 1.060523e-002
717.965515 1.277850e-002
718.084656 8.684665e-003
718.203857 5.374216e-003
718.322998 7.067346e-003
718.442200 9.316430e-003
718.561340 6.435581e-003
718.680542 2.948237e-004
718.799744 -3.470497e-003
718.918884 1.975319e-002
719.038086 9.088995e-003
719.157288 1.545719e-002
719.276428 9.746030e-003
719.395630 1.487596e-002
719.514832 1.432001e-003
719.634033 7.951817e-003
719.753235 -1.069789e-003
719.872375 -4.860380e-003
719.991577 3.226214e-003
720.110779 8.533041e-003
720.229980 1.957630e-002
720.349182 8.482500e-003
720.468384 9.948195e-003
720.587585 1.055469e-002
720.706787 7.774923e-003
720.825989 -5.618498e-003
720.945190 1.214674e-002
721.064392 1.474961e-002
721.183594 1.879291e-002
721.302795 1.179295e-003
721.421997 1.720086e-002
721.541260 -1.676284e-003
721.660461 2.922967e-003
721.779663 4.110685e-003
721.898865 1.318283e-002
722.018127 7.977088e-003
722.137329 7.547488e-003
722.256531 1.507813e-002
722.375793 4.616098e-003
722.494995 1.025144e-002
722.614197 5.601651e-003
722.733459 -1.221413e-003
722.852661 1.217201e-002
722.971924 -3.369414e-005
723.091125 1.154024e-002
723.210388 9.872383e-003
723.329590 1.237417e-002
723.448853 1.313229e-002
723.568054 -6.123910e-003
723.687317 8.735206e-003
723.806580 7.673841e-003
723.925781 1.204566e-002
724.045044 1.611422e-002
724.164307 5.904899e-003
724.283508 4.919345e-003
724.402771 1.432001e-003
724.522034 1.085794e-002
724.641296 2.948237e-003
724.760498 1.414312e-002
724.879761 5.728004e-003
724.999023 8.406688e-003
725.118286 1.457272e-003
725.237549 9.088995e-003
725.356812 1.444636e-002
725.476074 1.212147e-002
725.595337 2.948237e-003
725.714600 1.174241e-002
725.833862 9.442783e-003
725.953125 6.915723e-003
726.072388 1.525502e-002
726.191650 3.276755e-003
726.310913 2.695531e-003
726.430176 1.111064e-002
726.549500 4.388662e-003
726.668762 9.316430e-003
726.788025 1.859074e-002
726.907288 1.512867e-002
727.026611 2.569178e-003
727.145874 9.973465e-003
727.265137 1.265215e-002
727.384399 3.630544e-003
727.503723 5.247863e-003
727.622986 1.934886e-002
727.742310 6.233416e-003
727.861572 -2.611296e-003
727.980896 1.836331e-003
728.100159 8.078170e-003
728.219421 -2.206966e-003
728.338745 1.181822e-002
728.458069 5.045698e-003
728.577332 1.745356e-002
728.696655 5.980710e-004
728.815918 1.644274e-002
728.935242 3.251485e-003
729.054565 1.217201e-002
729.173828 6.940993e-003
729.293152 6.359769e-003
729.412476 7.572758e-003
729.531738 2.078929e-002
729.651062 8.457229e-003
729.770386 9.088995e-003
729.889709 1.293013e-002
730.009033 2.215390e-003
730.128357 2.973508e-003
730.247620 9.922924e-003
730.366943 1.937413e-004
730.486267 9.771301e-003
730.605591 3.453649e-004
730.724915 6.511393e-003
730.844238 3.782167e-003
730.963562 1.070631e-002
731.082886 -3.874826e-003
731.202209 2.627301e-002
731.321594 6.738828e-004
731.440918 -1.726825e-003
731.560242 1.103483e-002
731.679565 5.551110e-003
731.798889 1.194457e-002
731.918213 2.644990e-003
732.037598 9.468053e-003
732.156921 1.169187e-002
732.276245 8.987912e-003
732.395569 -2.358590e-004
732.514954 1.272796e-002
732.634277 1.295540e-002
732.753601 1.196984e-002
732.872986 1.687234e-002
732.992310 1.224782e-002
733.111694 1.550773e-002
733.231018 4.489745e-003
733.350403 1.378933e-002
733.469727 1.634166e-002
733.589111 6.789370e-003
733.708435 1.088321e-002
733.827820 7.067346e-003
733.947144 -3.369414e-004
734.066528 1.136335e-002
734.185913 1.318283e-002
734.305237 6.940993e-003
734.424622 2.164849e-002
734.544006 2.922967e-003
734.663330 2.240660e-003
734.782715 5.121510e-003
734.902100 8.684665e-003
735.021484 1.457272e-002
735.140808 1.507813e-002
735.260193 1.432001e-003
735.379578 6.991534e-003
735.498962 7.370593e-003
735.618347 7.421135e-003
735.737732 1.138862e-002
735.857117 7.345323e-003
735.976501 8.760476e-003
736.095886 1.118646e-002
736.215271 9.442783e-003
736.334656 1.113591e-002
736.454041 3.655814e-003
736.573425 3.681085e-003
736.692810 9.670218e-003
736.812195 9.670218e-003
736.931580 4.237038e-003
737.050964 -1.853178e-004
737.170410 5.045698e-003
737.289795 1.265215e-002
737.409180 5.652192e-003
737.528564 5.955440e-003
737.648010 6.005981e-003
737.767395 -1.423577e-003
737.886780 -2.333319e-003
738.006165 4.211768e-003
738.125610 4.540286e-003
738.244995 7.143158e-003
738.364441 2.771343e-003
738.483826 1.270269e-002
738.603271 1.138862e-002
738.722656 1.083267e-002
738.842041 2.561597e-002
738.961487 1.095902e-002
739.080933 -1.575201e-003
739.200317 1.634166e-003
739.319763 6.258687e-003
739.439148 1.179295e-003
739.558594 1.143916e-002
739.678040 1.439582e-002
739.797424 -2.790717e-002
739.916870 -2.611296e-002
740.036316 -2.821042e-002
740.155701 -2.785663e-002
740.275146 -2.775555e-002
740.394592 -2.919597e-002